    7   593   7.046 
    8   588   7.851 
    8   589   6.825 
    8   590   7.727 
    8   592   7.525 
    8   593   6.969 
    8   594   7.012 
    8   595   7.975 
    9   588   4.560 
    9   589   3.712 
    9   590   4.809 
    9   591   5.960 
    9   592   3.980 
    9   593   3.926 
    9   594   3.403 
    9   595   4.326 
    9   596   6.523 
    9   597   7.022 
    9   598   6.252 
    9   599   5.570 
    9   600   7.761 
   10   588   4.434 
   10   589   3.497 
   10   590   5.672 
   10   591   5.015 
   10   592   4.749 
   10   593   5.730 
   10   594   4.084 
   10   595   4.063 
   10   596   7.196 
   10   598   7.205 
   10   599   5.803 
   10   600   7.761 
   10   601   7.507 
   11   588   6.382 
   11   589   6.219 
   11   590   7.345 
   11   591   6.935 
   11   592   4.817 
   11   593   6.095 
   11   594   3.551 
   11   595   5.054 
   11   596   5.931 
   11   597   7.301 
   11   598   5.380 
   11   599   5.176 
   11   600   6.155 
   11   601   5.373 
   11   602   6.150 
   11   603   7.496 
   11   604   5.972 
   11   605   6.652 
   11   606   7.057 
   11   607   7.766 
   12   588   7.678 
   12   589   7.554 
   12   590   7.982 
   12   592   5.219 
   12   593   5.705 
   12   594   3.865 
   12   595   6.387 
   12   596   5.829 
   12   597   6.880 
   12   598   4.573 
   12   599   5.830 
   12   600   6.683 
   12   601   6.350 
   12   602   7.705 
   12   604   7.944 
   13   592   6.966 
   13   593   6.667 
   13   594   5.955 
   13   598   6.991 
   35   594   7.792 
   36   594   7.308 
   68   589   6.613 
  137   589   7.576 
  137   590   7.909 
  138   588   7.289 
  138   589   6.980 
  138   590   6.789 
  138   591   7.523 
  166   590   7.591 
  189   590   7.127 
  189   591   7.833 
  189   597   7.784 
  190   588   6.933 
  190   590   6.545 
  190   591   6.092 
  190   592   7.892 
  190   593   7.949 
  190   595   7.267 
  190   596   7.454 
  190   597   6.797 
  190   599   7.053 
  190   600   7.172 
  190   602   7.709 
  190   603   7.568 
  191   588   3.959 
  191   589   5.450 
  191   590   3.995 
  191   591   3.340 
  191   592   4.364 
  191   593   4.867 
  191   594   5.648 
  191   595   3.730 
  191   596   4.268 
  191   597   4.179 
  191   598   5.709 
  191   599   3.455 
  191   600   4.093 
  191   601   4.922 
  191   602   4.791 
  191   603   5.230 
  191   604   6.019 
  191   605   5.983 
  191   606   7.074 
  191   608   6.521 
  191   609   7.523 
  192   588   4.745 
  192   589   5.595 
  192   590   5.785 
  192   591   4.050 
  192   592   4.723 
  192   593   6.077 
  192   594   5.098 
  192   595   3.842 
  192   596   5.107 
  192   597   6.052 
  192   598   5.945 
  192   599   3.966 
  192   600   4.462 
  192   601   4.097 
  192   602   3.615 
  192   603   4.808 
  192   604   3.921 
  192   605   3.576 
  192   606   5.398 
  192   607   6.185 
  192   608   5.616 
  192   609   7.012 
  192   610   7.669 
  193   588   4.713 
  193   589   4.954 
  193   590   6.041 
  193   591   3.502 
  193   592   6.542 
  193   593   7.602 
  193   594   6.997 
  193   595   4.989 
  193   599   6.560 
  193   600   7.865 
  193   601   7.761 
  193   602   7.372 
  193   604   7.612 
  193   605   6.978 
  194   588   4.902 
  194   589   5.326 
  194   590   5.512 
  194   591   3.655 
  194   592   7.595 
  194   595   6.076 
  194   599   7.760 
  195   588   7.392 
  195   590   7.310 
  195   591   6.286 
  220   591   7.601 
  222   591   7.671 
  223   588   7.251 
  223   591   5.793 
  223   595   7.331 
  223   599   7.901 
  223   602   7.154 
  223   603   7.676 
  223   604   7.411 
  223   605   6.321 
  224   591   7.357 
  224   595   7.747 
  224   599   7.390 
  224   600   6.731 
  224   601   6.201 
  224   602   4.813 
  224   603   5.187 
  224   604   4.511 
  224   605   3.142 
  224   606   5.337 
  224   607   5.387 
  224   608   5.181 
  224   609   6.532 
  224   610   7.685 
  224   616   7.724 
  224   617   6.636 
  224   618   6.978 
  225   602   7.269 
  225   604   6.410 
  225   605   5.185 
  225   606   7.362 
  225   607   6.988 
  225   608   7.901 
  226   605   7.932 
  227   605   7.262 
  228   605   7.194 
  228   607   7.325 
  261   604   7.653 
  261   605   7.374 
  261   606   6.887 
  261   607   5.470 
  261   608   7.672 
  261   609   7.874 
  261   618   7.994 
  262   607   7.542 
  264   607   7.171 
  264   609   7.869 
  264   612   7.519 
  264   613   7.229 
  264   614   7.895 
  264   615   6.627 
  264   616   6.267 
  264   617   6.543 
  264   618   7.157 
  265   606   7.100 
  265   607   6.326 
  265   608   6.859 
  265   609   5.947 
  265   610   6.122 
  265   611   5.501 
  265   612   4.807 
  265   613   4.360 
  265   614   4.624 
  265   615   4.327 
  265   616   4.672 
  265   617   5.078 
  265   618   5.153 
  266   613   7.306 
  266   614   6.983 
  266   615   7.235 
  266   616   7.898 
  267   614   7.995 
  267   615   7.309 
  267   616   7.691 
  268   612   7.074 
  268   613   5.665 
  268   614   5.438 
  268   615   4.904 
  268   616   5.647 
  268   617   6.945 
  268   618   7.602 
  269   614   7.607 
  333   597   6.567 
  334   588   7.013 
  334   590   6.136 
  334   591   7.165 
  334   592   6.093 
  334   593   5.683 
  334   594   7.347 
  334   595   6.611 
  334   596   4.422 
  334   597   3.134 
  334   598   5.614 
  334   599   5.110 
  334   600   4.649 
  334   601   6.048 
  334   602   6.428 
  334   603   6.048 
  334   604   7.928 
  334   608   7.327 
  334   609   7.505 
  334   610   7.655 
  334   618   7.947 
  335   592   7.021 
  335   593   7.253 
  335   594   7.765 
  335   595   7.717 
  335   596   4.337 
  335   597   4.053 
  335   598   5.088 
  335   599   5.541 
  335   600   3.502 
  335   601   4.334 
  335   602   4.466 
  335   603   3.466 
  335   604   5.702 
  335   605   6.451 
  335   606   5.430 
  335   607   6.660 
  335   608   4.339 
  335   609   4.021 
  335   610   4.032 
  335   611   4.422 
  335   612   4.653 
  335   613   5.569 
  335   614   6.265 
  335   615   6.052 
  335   616   5.831 
  335   617   5.080 
  335   618   4.407 
  336   596   6.619 
  336   597   6.528 
  336   598   7.753 
  336   599   7.063 
  336   600   5.341 
  336   601   5.769 
  336   602   4.840 
  336   603   3.744 
  336   604   5.739 
  336   605   5.613 
  336   606   5.607 
  336   607   6.375 
  336   608   4.156 
  336   609   4.371 
  336   610   5.374 
  336   611   5.810 
  336   612   5.192 
  336   613   5.708 
  336   614   6.859 
  336   615   5.323 
  336   616   4.403 
  336   617   3.737 
  336   618   4.161 
  337   603   7.194 
  337   608   7.673 
  337   609   7.428 
  337   612   7.296 
  337   613   7.193 
  337   614   7.898 
  337   615   6.693 
  337   616   6.294 
  337   617   6.376 
  337   618   6.875 
  338   603   7.699 
  338   608   7.660 
  338   609   6.736 
  338   610   7.034 
  338   611   6.338 
  338   612   5.457 
  338   613   4.714 
  338   614   4.902 
  338   615   4.354 
  338   616   4.751 
  338   617   5.436 
  338   618   5.778 
  339   615   7.991 
  358   596   7.750 
  358   597   6.476 
  359   592   7.814 
  359   593   6.999 
  359   596   6.071 
  359   597   5.219 
  359   598   5.781 
  359   599   7.433 
  359   600   6.972 
  359   601   7.980 
