    1   128   7.746 
    1   129   7.049 
    1   130   6.029 
    1   131   7.245 
    1   132   7.708 
    2    17   7.402 
    2   130   6.492 
    2   132   7.108 
    3    17   7.103 
    3   130   7.334 
    3   131   7.651 
    3   132   5.025 
    3   133   5.040 
    3   134   6.912 
    3   367   7.245 
    3   370   5.577 
    3   371   7.415 
    4    15   6.969 
    4    16   6.008 
    4    17   4.957 
    4   119   7.835 
    4   122   7.394 
    4   130   7.549 
    4   132   6.581 
    4   133   4.790 
    4   134   6.297 
    4   366   7.783 
    4   367   5.819 
    4   370   6.928 
    5    15   5.566 
    5    16   5.014 
    5    17   6.042 
    5   133   5.761 
    5   134   4.893 
    5   135   6.186 
    5   363   5.680 
    5   364   6.880 
    5   365   7.517 
    5   366   4.461 
    5   367   4.078 
    5   368   7.709 
    5   369   7.884 
    5   370   6.787 
    6    13   7.325 
    6    14   5.886 
    6    15   4.540 
    6    16   6.502 
    6   116   7.611 
    6   133   6.914 
    6   134   6.136 
    6   135   4.936 
    6   136   6.439 
    6   363   5.515 
    6   366   6.398 
    6   367   7.523 
    7    13   5.496 
    7    14   5.086 
    7    15   6.235 
    7   135   6.123 
    7   136   5.168 
    7   137   7.766 
    7   362   6.071 
    7   363   4.676 
    7   366   7.106 
    8    12   7.231 
    8    13   4.837 
    8    14   6.774 
    8    36   7.797 
    8   115   7.803 
    8   116   7.284 
    8   135   6.809 
    8   136   6.107 
    8   137   7.263 
    9    12   5.003 
    9    13   4.897 
    9    14   7.780 
    9    36   6.758 
    9    68   7.204 
    9   191   7.923 
    9   192   7.678 
   10    13   7.745 
   10    36   6.543 
   10    65   7.838 
   10    66   5.229 
   10    67   6.865 
   10    68   5.123 
   10    69   6.907 
   10   191   7.466 
   10   192   5.646 
   10   193   5.404 
   10   194   7.616 
   11    35   5.846 
   11    36   5.238 
   11    37   7.716 
   11    65   7.489 
   11    66   6.336 
   11   191   7.849 
   11   192   5.382 
   11   193   7.305 
   12    33   6.184 
   12    34   5.305 
   12    35   4.237 
   12    36   4.936 
   13    33   5.618 
   13    34   5.059 
   13    35   6.130 
   13    36   5.895 
   13   115   7.709 
   14    24   7.362 
   14    25   7.855 
   14    32   6.723 
   14    33   4.854 
   14    34   6.324 
   14   360   6.904 
   14   363   5.763 
   15    24   5.951 
   15    25   6.079 
   15    33   7.695 
   15   121   7.957 
   15   122   7.326 
   15   363   5.684 
   15   364   7.814 
   16    22   6.697 
   16    23   5.436 
   16    24   4.234 
   16    25   5.800 
   16   122   7.866 
   16   363   5.570 
   16   364   5.613 
   16   366   7.558 
   16   367   5.674 
   17    22   5.802 
   17    23   5.537 
   17    24   6.607 
   17    25   7.511 
   17   122   7.655 
   17   364   7.590 
   17   367   5.408 
   18    21   5.332 
   18    22   5.678 
   18    23   6.724 
   19    22   7.692 
   19   376   6.681 
   20   376   6.927 
   20   377   6.615 
   22   364   6.069 
   22   367   6.712 
   22   368   7.002 
   23   364   7.068 
   24    32   6.522 
   24   360   7.272 
   24   363   7.382 
   24   364   6.811 
   25    32   5.845 
   25   121   7.308 
   25   122   6.911 
   25   125   7.538 
   26    29   7.687 
   26    30   5.329 
   26    31   4.817 
   26    32   4.348 
   26    33   7.141 
   26   121   7.379 
   27    30   5.315 
   27    31   5.334 
   27    32   6.367 
   27    33   7.329 
   27    34   7.213 
   27   121   5.409 
   28    31   7.372 
   28   121   6.892 
   29    50   7.813 
   31    34   6.805 
   34    49   5.385 
   34    50   7.184 
   35    48   7.628 
   35    49   4.481 
   35    50   6.370 
   35    53   7.655 
   36    48   7.204 
   36    49   5.888 
   36    65   6.310 
   36    66   7.325 
   36   115   6.227 
   37    47   7.982 
   37    48   5.605 
   37    49   5.100 
   37    50   7.785 
   37    52   6.017 
   37    53   6.499 
   37    63   7.056 
   37    64   5.758 
   37    65   4.791 
   37    66   7.677 
   37   115   7.460 
   38    46   6.887 
   38    47   5.676 
   38    48   4.728 
   38    49   6.713 
   38    52   5.810 
   38    63   5.693 
   38    64   5.054 
   38    65   6.539 
   38   111   7.130 
   38   114   7.040 
   38   115   7.222 
   39    46   5.636 
   39    47   4.950 
   39    48   6.499 
   39    52   5.152 
   39    56   7.527 
   39    59   7.885 
   39    62   5.702 
   39    63   4.103 
   39    64   5.989 
   40    44   6.799 
   40    45   6.069 
   40    46   4.838 
   40    47   6.544 
   40    62   5.515 
   40    63   6.454 
   40   102   7.610 
   41    44   5.554 
   41    45   5.336 
   41    46   6.289 
   41    47   7.548 
   41    59   7.661 
   41    62   7.338 
   42    45   7.570 
   43   516   7.928 
   43   566   7.257 
   44   512   6.773 
   44   513   7.608 
   44   516   7.428 
   45   509   7.749 
   45   512   6.511 
   45   513   5.300 
   45   516   5.899 
   46   509   7.472 
   46   513   6.437 
   47    51   5.900 
   47    52   4.865 
   48    51   6.285 
   48    52   5.233 
   48    53   7.974 
   48   114   7.116 
   48   115   6.422 
   48   118   6.985 
   49    52   5.261 
   49    53   6.054 
   49   115   7.933 
   50    53   4.754 
   50    54   6.228 
   51    54   5.414 
   51    55   6.887 
   52    55   5.717 
   52    56   6.410 
   52    63   6.922 
   53    56   5.563 
   54    57   7.440 
   55    58   5.606 
   55    59   6.192 
   56    59   5.007 
   56    60   5.185 
   56    62   7.938 
   56    63   5.647 
   56   254   7.795 
   57    60   5.544 
   57   252   5.795 
   57   254   6.597 
   57   255   7.293 
   58   252   7.766 
   59    62   5.645 
   59    63   6.196 
   60    63   5.543 
   60    87   5.798 
   60    88   6.627 
   60   251   7.495 
   60   252   7.519 
   60   254   7.891 
   61    64   7.873 
   61    87   5.519 
   61    88   4.289 
   61    89   6.906 
   61   102   7.288 
   62    88   6.175 
   62   102   5.689 
   62   103   7.068 
   63    88   6.940 
   64    67   6.988 
   64    88   6.656 
   64   111   7.978 
   66    69   5.546 
   66    70   7.448 
   66   193   7.435 
   67    70   5.126 
   67    71   6.166 
   67   108   6.241 
   67   111   7.435 
   67   112   6.898 
   68    71   5.156 
   68   108   7.738 
   68   112   7.556 
   68   193   7.643 
   69   193   6.595 
   69   220   7.772 
   69   221   6.727 
   70    73   5.603 
   70    80   6.720 
   70    98   6.437 
   70    99   7.643 
   70   108   6.726 
   71    98   7.525 
   71   108   5.223 
   71   109   6.697 
   71   145   5.956 
   71   148   6.425 
   71   149   7.369 
   72    97   7.432 
   72    98   7.625 
   72   108   7.710 
   72   144   4.820 
   72   145   4.070 
   72   146   7.480 
   72   147   7.608 
   72   148   5.396 
   72   149   7.818 
   72   493   7.335 
   72   494   6.625 
   73    77   6.978 
   73    80   7.502 
   73    97   6.048 
   73    98   5.705 
   73   144   7.246 
   73   145   7.015 
   73   493   7.823 
   74    77   5.329 
   74    80   7.248 
   74    92   7.720 
   74    96   5.887 
   74    97   4.196 
   74    98   4.770 
   74   493   7.484 
   75    80   5.921 
   75    81   6.745 
   75    90   7.909 
   75    91   6.661 
   75    92   5.208 
   75    93   7.755 
   75    96   5.901 
   75    97   5.250 
   75    98   4.018 
   75    99   7.376 
   76    80   6.648 
   76    81   6.069 
   76    96   7.555 
   76    98   7.772 
   77    80   5.238 
   77    81   6.086 
   78    81   5.110 
   78    82   6.309 
   79    82   5.330 
   79    83   6.439 
   79   221   7.618 
   80    83   5.010 
   80    84   6.258 
   80    98   7.308 
   81    84   5.230 
   81    85   7.372 
   82    85   6.094 
   82    86   6.909 
   83    86   4.967 
   84    89   6.982 
   84    90   5.587 
   87   251   6.905 
   88   100   7.422 
   88   101   7.491 
   88   102   7.666 
   89   100   5.643 
   89   101   5.462 
   89   102   7.376 
   90    98   6.789 
   90    99   5.818 
   90   100   4.459 
   90   101   6.382 
   91    98   5.954 
   91    99   5.192 
   91   100   5.434 
   91   101   6.604 
   91   106   7.834 
   92    95   7.661 
   92    96   5.237 
   92    97   5.665 
   92    98   5.153 
   92    99   5.801 
   92   100   7.964 
   93    96   5.065 
   93    97   5.022 
   93    98   6.138 
   93    99   5.720 
   93   106   7.503 
   93   107   7.875 
   94    97   7.275 
   95   491   7.950 
   95   492   7.859 
   95   493   6.957 
   96   493   7.585 
   97   493   6.288 
   97   494   7.137 
   98   107   7.583 
   98   108   7.816 
   99   106   6.716 
   99   107   4.884 
   99   108   6.009 
  100   106   5.841 
  100   107   6.533 
  100   108   7.155 
  101   104   5.875 
  101   105   5.305 
  101   106   4.521 
  102   105   5.192 
  102   106   6.595 
  107   110   5.528 
  107   111   6.824 
  108   111   5.074 
  108   112   6.070 
  108   148   7.966 
  108   152   7.996 
  109   112   5.065 
  109   113   5.865 
  109   148   5.977 
  109   149   6.419 
  109   151   6.245 
  109   152   4.289 
  109   155   7.431 
  110   113   4.949 
  110   114   6.791 
  110   152   6.081 
  110   155   6.464 
  110   156   7.960 
  110   506   7.516 
  111   114   5.458 
  111   115   7.332 
  111   152   7.951 
  112   115   5.284 
  112   116   6.407 
  112   152   6.024 
  113   116   4.872 
  113   117   5.957 
  113   152   4.836 
  113   153   6.262 
  113   155   5.888 
  113   156   4.810 
  113   506   7.904 
  114   117   5.021 
  114   118   6.458 
  114   156   6.848 
  114   506   7.814 
  115   118   5.205 
  116   119   6.112 
  116   152   7.685 
  116   153   6.806 
  116   156   6.150 
  117   120   6.064 
  117   156   5.412 
  117   157   7.844 
  118   121   5.993 
  119   122   5.215 
  119   123   6.148 
  119   130   6.591 
  120   123   4.715 
  120   124   5.883 
  121   124   5.135 
  121   125   6.389 
  122   125   5.149 
  122   126   5.993 
  122   130   7.266 
  123   126   5.077 
  123   127   5.553 
  123   128   5.514 
  123   129   5.625 
  123   130   6.021 
  124   127   5.473 
  124   128   7.534 
  126   129   7.901 
  130   158   7.912 
  131   157   6.758 
  131   158   5.060 
  131   159   6.051 
  132   158   5.265 
  132   159   4.679 
  132   160   6.024 
  132   161   6.493 
  133   153   7.923 
  133   158   6.264 
  133   159   6.240 
  133   160   5.170 
  133   161   5.883 
  133   162   7.344 
  133   370   7.380 
  134   160   5.865 
  134   161   5.635 
  134   162   4.936 
  134   163   5.966 
  134   164   6.965 
  134   366   5.757 
  134   367   6.976 
  134   369   7.222 
  134   370   6.041 
  135   150   7.766 
  135   153   7.646 
  135   160   6.954 
  135   162   6.553 
  135   163   5.099 
  135   164   6.216 
  135   366   6.721 
  136   163   5.670 
  136   164   4.818 
  136   165   5.749 
  136   166   5.694 
  136   169   7.783 
  136   362   7.678 
  136   363   7.849 
  136   366   6.745 
  137   141   6.733 
  137   146   7.015 
  137   149   7.651 
  137   163   6.830 
  137   164   6.194 
  137   165   5.181 
  137   166   5.630 
  138   141   5.388 
  138   165   5.510 
  138   166   5.186 
  138   167   7.603 
  138   194   6.780 
  138   195   7.535 
  138   196   6.568 
  138   220   6.932 
  139   165   4.627 
  139   166   5.894 
  139   167   6.753 
  139   168   7.995 
  139   196   6.097 
  139   197   7.958 
  139   198   7.847 
  139   216   6.911 
  139   217   7.370 
  139   218   7.588 
  139   387   6.823 
  140   196   6.551 
  140   216   7.464 
  140   217   6.227 
  140   218   5.769 
  140   219   6.584 
  140   220   6.146 
  140   387   5.816 
  140   388   7.632 
  141   145   5.654 
  141   146   6.162 
  141   220   6.473 
  141   387   7.943 
  142   145   5.291 
  142   146   6.124 
  142   388   7.383 
  142   431   7.507 
  143   146   5.208 
  143   147   6.129 
  143   443   7.372 
  143   470   7.352 
  143   471   5.617 
  143   472   6.702 
  144   147   5.248 
  144   148   5.921 
  144   443   7.360 
  144   493   6.542 
  144   494   6.422 
  145   148   5.163 
  145   149   6.224 
  146   149   5.191 
  146   150   6.297 
  146   163   7.522 
  146   469   7.759 
  146   470   7.463 
  146   471   6.744 
  147   150   4.966 
  147   151   6.072 
  147   471   6.839 
  147   494   7.635 
  148   151   4.924 
  148   152   6.232 
  148   494   6.492 
  148   495   7.543 
  149   152   4.936 
  149   153   6.505 
  150   153   5.109 
  150   154   6.547 
  150   160   6.449 
  150   163   6.992 
  151   154   5.027 
  151   155   6.184 
  151   495   7.903 
  151   500   7.304 
  152   155   5.096 
  152   156   6.222 
  153   156   5.133 
  153   157   6.648 
  153   158   5.124 
  153   159   6.800 
  153   160   6.082 
  154   157   5.137 
  154   158   5.005 
  154   159   6.058 
  154   160   6.988 
  154   503   7.170 
  155   158   7.245 
  155   500   6.836 
  155   501   7.918 
  155   503   4.472 
  155   506   6.602 
  156   503   6.977 
  156   506   6.783 
  157   503   7.058 
  160   163   7.003 
  161   370   7.659 
  162   370   7.782 
  162   468   7.305 
  162   469   5.895 
  163   468   7.789 
  163   469   4.818 
  163   470   7.752 
  164   168   7.112 
  164   169   6.660 
  164   366   6.885 
  164   369   7.917 
  164   469   6.497 
  165   168   5.387 
  165   169   6.366 
  166   169   5.170 
  166   170   6.327 
  166   189   7.900 
  166   196   7.978 
  166   362   6.035 
  167   170   4.916 
  167   171   6.095 
  167   187   5.873 
  167   188   7.546 
  167   189   6.649 
  167   196   7.077 
  167   197   7.235 
  167   198   6.199 
  167   333   7.964 
  167   362   7.311 
  168   171   4.955 
  168   172   6.292 
  168   198   7.653 
  168   200   7.756 
  168   213   7.476 
  168   365   7.654 
  168   384   7.564 
  169   172   5.024 
  169   173   6.293 
  169   361   7.307 
  169   362   5.187 
  169   363   7.440 
  169   364   7.382 
  169   365   3.975 
  169   366   5.494 
  169   368   7.912 
  169   369   7.307 
  170   173   5.060 
  170   174   6.218 
  170   187   7.693 
  170   333   7.496 
  170   361   5.031 
  170   362   4.695 
  170   364   7.550 
  170   365   5.384 
  171   174   5.022 
  171   175   5.903 
  171   187   7.393 
  171   200   7.549 
  171   211   7.849 
  171   365   7.164 
  172   175   5.089 
  172   176   6.034 
  172   211   7.649 
  172   365   5.112 
  172   368   6.822 
  172   369   7.537 
  173   176   5.387 
  173   361   5.644 
  173   362   7.146 
  173   364   5.782 
  173   365   4.523 
  173   368   7.105 
  174   177   6.728 
  174   178   5.950 
  174   356   7.023 
  174   361   7.472 
  175   178   5.013 
  175   179   6.036 
  175   180   6.683 
  175   202   7.379 
  177   180   7.586 
  179   182   7.007 
  179   183   6.770 
  179   202   7.953 
  180   183   7.057 
  180   202   7.258 
  180   203   6.949 
  180   204   5.953 
  180   209   7.854 
  181   202   7.395 
  181   203   6.677 
  181   204   7.057 
  182   201   7.157 
  182   202   5.256 
  182   203   3.637 
  182   204   5.621 
  183   201   5.924 
  183   202   5.252 
  183   203   6.199 
  183   327   7.945 
  183   328   5.961 
  183   329   7.549 
  184   199   7.199 
  184   200   5.761 
  184   201   4.328 
  184   202   6.118 
  184   326   7.225 
  184   327   5.446 
  184   328   5.414 
  184   329   6.746 
  185   199   5.753 
  185   200   5.211 
  185   201   6.240 
  185   202   7.725 
  185   327   5.646 
  185   328   5.811 
  185   329   4.751 
  185   330   5.848 
  185   331   7.241 
  186   197   6.986 
  186   198   5.774 
  186   199   4.608 
  186   200   6.333 
  186   327   6.718 
  186   329   6.314 
  186   330   4.878 
  186   331   6.085 
  187   196   7.817 
  187   197   5.595 
  187   198   5.203 
  187   199   6.419 
  187   200   7.584 
  187   330   6.146 
  187   331   4.824 
  187   332   6.143 
  187   333   7.205 
  188   195   7.824 
  188   196   6.186 
  188   197   4.820 
  188   198   6.907 
  188   330   7.376 
  188   331   6.022 
  188   332   4.998 
  188   333   6.081 
  189   194   7.941 
  189   195   5.638 
  189   196   5.039 
  189   197   6.206 
  189   332   6.030 
  189   333   4.529 
  189   334   5.497 
  189   337   7.657 
  190   193   7.738 
  190   194   6.239 
  190   195   4.609 
  190   196   6.603 
  190   222   7.953 
  190   223   6.104 
  190   224   7.643 
  190   332   7.927 
  190   333   6.421 
  190   334   5.045 
  190   335   7.151 
  190   336   5.692 
  190   337   6.093 
  191   194   5.557 
  191   195   6.407 
  191   223   5.409 
  191   224   6.024 
  191   333   7.570 
  191   334   4.467 
  191   335   5.790 
  191   336   5.533 
  191   337   7.685 
  192   223   4.717 
  192   224   4.034 
  192   225   5.505 
  192   334   7.610 
  192   335   7.291 
  192   336   6.809 
  193   220   6.897 
  193   221   5.854 
  193   222   5.575 
  193   223   4.016 
  193   224   5.934 
  193   225   6.033 
  193   226   7.681 
  194   218   7.901 
  194   219   6.071 
  194   220   4.271 
  194   221   5.222 
  194   222   4.980 
  194   223   5.080 
  195   218   5.264 
  195   219   5.039 
  195   220   5.778 
  195   221   7.278 
  195   222   5.676 
  195   223   6.259 
  195   309   7.178 
  196   216   7.299 
  196   217   5.888 
  196   218   4.252 
  196   219   6.472 
  196   220   7.564 
  197   216   5.678 
  197   217   5.270 
  197   218   5.701 
  197   312   7.042 
  197   313   6.418 
  197   316   7.357 
  198   213   6.850 
  198   214   7.581 
  198   215   5.767 
  198   216   4.287 
  198   217   6.461 
  198   316   7.158 
  199   213   5.980 
  199   214   5.513 
  199   215   5.267 
  199   216   6.336 
  199   316   7.011 
  199   317   7.387 
  199   320   7.052 
  200   211   6.741 
  200   212   5.579 
  200   213   4.375 
  200   214   5.562 
  200   215   7.257 
  201   210   7.695 
  201   211   5.807 
  201   212   5.146 
  201   213   6.355 
  201   214   6.850 
  202   209   6.679 
  202   210   5.582 
  202   211   4.684 
  202   212   6.501 
  203   209   5.855 
  203   210   5.406 
  203   211   6.906 
  204   207   5.990 
  204   208   5.354 
  204   209   4.327 
  204   210   6.228 
  205   208   5.327 
  205   209   6.650 
  207   379   6.858 
  208   379   4.750 
  208   380   5.955 
  208   381   7.399 
  209   379   6.235 
  209   380   4.901 
  209   381   6.025 
  210   380   6.110 
  210   381   4.656 
  210   382   6.083 
  210   383   7.561 
  211   380   7.683 
  211   381   6.038 
  211   382   4.980 
  211   383   6.115 
  211   384   7.938 
  212   382   6.137 
  212   383   4.641 
  212   384   6.018 
  213   216   7.250 
  213   383   6.283 
  213   384   5.103 
  213   385   6.370 
  214   319   7.668 
  214   320   5.072 
  214   385   7.826 
  214   404   7.144 
  215   316   5.356 
  215   317   7.308 
  215   319   5.857 
  215   320   5.051 
  215   385   7.577 
  215   387   7.821 
  215   404   5.676 
  216   316   5.698 
  216   385   7.870 
  216   387   5.923 
  216   404   6.849 
  217   312   5.610 
  217   313   7.317 
  217   315   7.333 
  217   316   5.834 
  217   387   6.652 
  218   309   7.385 
  218   312   5.683 
  219   222   5.656 
  219   309   7.923 
  222   225   7.879 
  222   226   6.525 
  222   305   7.719 
  223   226   5.495 
  223   227   6.785 
  223   336   7.434 
  224   227   4.926 
  224   228   6.200 
  224   336   5.839 
  225   228   5.014 
  225   229   6.115 
  226   229   4.831 
  226   230   6.419 
  226   305   7.875 
  227   230   5.381 
  227   231   6.722 
  227   302   5.910 
  227   305   7.418 
  228   231   5.333 
  228   232   6.156 
  228   257   7.201 
  228   260   5.975 
  228   261   5.632 
  228   264   7.161 
  229   232   4.988 
  229   233   6.173 
  229   257   7.986 
  230   233   5.272 
  230   234   6.346 
  230   301   6.032 
  230   302   6.578 
  231   234   5.026 
  231   235   6.277 
  231   260   6.163 
  231   264   7.927 
  231   298   6.963 
  231   301   6.779 
  232   235   5.132 
  232   236   6.399 
  232   256   7.114 
  232   257   6.687 
  232   260   5.976 
  233   236   5.326 
  233   237   6.222 
  234   237   5.242 
  234   238   6.108 
  235   238   5.059 
  235   239   5.978 
  235   291   7.688 
  236   239   4.972 
  236   240   5.899 
  236   246   6.748 
  236   247   6.266 
  236   248   7.413 
  237   240   5.019 
  237   241   6.470 
  238   241   5.228 
  238   242   6.282 
  239   242   5.124 
  239   243   5.609 
  239   244   6.984 
  239   245   6.635 
  239   246   7.517 
  239   247   7.667 
  240   243   5.650 
  240   244   4.625 
  240   245   4.803 
  240   246   5.583 
  240   247   7.623 
  241   244   5.484 
  241   245   7.731 
  246   249   6.733 
  247   250   5.900 
  247   253   7.201 
  248   251   6.932 
  248   253   7.673 
  250   253   5.445 
  250   281   7.894 
  251   254   6.258 
  252   255   6.401 
  253   256   5.839 
  253   280   5.718 
  253   281   6.651 
  254   257   4.934 
  254   258   6.308 
  255   258   5.152 
  255   259   6.021 
  256   259   4.588 
  256   260   5.885 
  256   277   7.935 
  257   260   5.159 
  257   261   6.208 
  258   261   5.255 
  258   262   6.093 
  259   262   5.111 
  259   263   6.116 
  259   275   6.354 
  259   276   7.948 
  259   277   7.661 
  260   263   5.100 
  260   264   6.028 
  260   275   7.192 
  261   264   4.993 
  261   265   6.166 
  262   265   5.199 
  262   266   6.038 
  263   266   4.932 
  263   267   6.152 
  263   273   6.482 
  263   274   7.124 
  263   275   6.383 
  263   293   7.932 
  264   267   5.234 
  264   268   6.915 
  264   298   7.384 
  265   268   5.435 
  265   269   7.856 
  266   269   6.045 
  266   270   6.047 
  266   273   6.968 
  267   270   4.789 
  267   271   6.117 
  267   272   6.267 
  267   273   6.731 
  267   294   7.378 
  267   295   5.454 
  267   298   7.914 
  268   295   7.651 
  268   338   6.743 
  268   339   6.248 
  270   273   6.949 
  270   295   7.279 
  271   294   5.812 
  271   295   5.104 
  271   296   7.851 
  272   292   7.237 
  272   293   5.692 
  272   294   4.070 
  272   295   5.614 
  273   292   5.994 
  273   293   5.456 
  273   294   6.351 
  274   290   6.696 
  274   291   5.612 
  274   292   4.447 
  274   293   5.856 
  275   290   5.713 
  275   291   5.290 
  275   292   6.386 
  275   293   7.269 
  276   289   7.761 
  276   290   4.576 
  276   291   6.610 
  277   280   5.925 
  277   289   5.885 
  277   290   6.370 
  278   288   6.911 
  278   289   4.380 
  278   290   7.881 
  279   282   7.142 
  279   287   5.291 
  279   288   5.228 
  279   289   5.104 
  280   287   7.261 
  280   288   5.857 
  280   289   5.449 
  281   287   5.730 
  281   288   5.567 
  281   289   7.431 
  282   285   6.900 
  282   286   4.806 
  282   287   4.023 
  282   288   5.406 
  283   286   5.569 
  283   287   6.838 
  283   288   7.212 
  293   297   6.232 
  293   298   7.140 
  294   297   5.063 
  294   298   6.516 
  295   298   5.204 
  295   299   6.155 
  296   299   4.994 
  296   300   6.075 
  297   300   5.112 
  297   301   6.324 
  298   301   5.022 
  298   302   6.375 
  299   302   5.414 
  299   303   5.522 
  300   303   5.460 
  301   304   7.678 
  302   305   5.210 
  302   306   6.425 
  303   306   5.055 
  303   307   6.177 
  304   307   4.864 
  304   308   6.232 
  305   308   5.110 
  305   309   6.857 
  306   309   5.413 
  306   310   7.060 
  306   340   6.561 
  306   343   7.852 
  307   310   5.189 
  307   311   7.149 
  308   311   5.839 
  308   312   7.723 
  309   312   6.078 
  309   313   7.213 
  310   313   5.299 
  310   314   6.869 
  310   344   7.704 
  310   347   7.909 
  311   314   5.359 
  311   315   6.712 
  312   315   5.094 
  312   316   6.092 
  313   316   5.231 
  313   317   6.164 
  314   317   5.275 
  314   318   6.269 
  315   318   4.985 
  315   319   6.112 
  316   319   4.951 
  316   320   5.995 
  317   320   5.114 
  317   321   6.109 
  317   322   5.251 
  317   323   6.280 
  317   324   7.317 
  318   321   5.110 
  318   322   6.293 
  318   323   7.655 
  319   322   7.663 
  319   404   7.809 
  322   326   6.030 
  323   326   5.373 
  323   327   7.534 
  324   327   5.822 
  324   347   7.940 
  324   348   5.564 
  324   349   7.754 
  325   328   7.684 
  325   348   7.388 
  327   330   7.270 
  327   348   7.830 
  329   352   6.841 
  329   353   7.044 
  330   348   7.769 
  330   350   7.486 
  330   351   7.132 
  330   352   4.683 
  330   353   6.283 
  331   352   5.599 
  331   353   5.770 
  331   356   7.318 
  332   337   6.333 
  332   352   6.682 
  332   353   7.446 
  332   356   7.596 
  332   358   6.473 
  333   337   6.581 
  333   356   7.816 
  333   357   7.405 
  333   358   4.215 
  333   359   6.934 
  333   361   7.447 
  334   337   5.758 
  334   338   7.841 
  334   358   4.971 
  334   359   5.818 
  335   338   5.726 
  335   358   6.230 
  335   359   6.296 
  336   340   7.852 
  337   340   5.702 
  337   341   6.267 
  337   358   7.882 
  338   341   7.080 
  339   342   6.024 
  340   343   5.223 
  340   344   6.116 
  341   344   5.302 
  341   345   6.001 
  341   352   7.514 
  342   345   5.098 
  342   346   6.213 
  343   346   5.357 
  343   347   6.221 
  344   347   5.150 
  344   348   6.378 
  344   352   7.916 
  345   348   5.437 
  345   349   5.544 
  345   350   5.188 
  345   351   5.156 
  345   352   6.371 
  346   349   4.632 
  346   350   6.707 
  347   350   7.868 
  348   351   7.929 
  353   356   6.810 
  356   361   6.799 
  357   360   5.566 
  357   361   5.550 
  358   361   5.998 
  358   362   7.965 
  359   362   7.259 
  360   363   5.400 
  360   364   6.094 
  361   364   5.069 
  361   365   5.979 
  362   365   4.953 
  362   366   6.253 
  363   366   5.094 
  363   367   6.374 
  364   367   5.129 
  364   368   6.316 
  365   368   4.979 
  365   369   6.179 
  366   369   5.016 
  366   370   6.346 
  367   370   5.023 
  367   371   6.332 
  368   371   4.857 
  368   372   6.402 
  368   377   7.259 
  369   372   5.139 
  369   373   6.589 
  370   373   5.156 
  370   374   6.551 
  371   374   5.375 
  371   375   5.996 
  371   376   5.002 
  371   377   5.004 
  372   375   5.201 
  372   376   6.239 
  372   377   4.759 
  372   378   6.504 
  372   380   6.826 
  373   376   7.785 
  373   377   7.947 
  374   377   7.633 
  375   378   5.897 
  377   380   6.974 
  383   406   6.359 
  383   407   6.822 
  384   406   5.703 
  384   407   5.836 
  384   468   7.957 
  385   403   7.750 
  385   404   5.043 
  385   405   5.195 
  385   406   4.168 
  385   407   5.060 
  385   408   7.939 
  385   470   7.514 
  386   389   7.695 
  386   403   5.896 
  386   404   5.292 
  386   405   5.806 
  386   406   6.640 
  386   407   6.479 
  386   470   5.878 
  387   403   5.146 
  387   404   5.394 
  387   405   7.867 
  388   402   7.018 
  388   403   4.427 
  388   404   7.070 
  388   431   5.930 
  388   432   5.527 
  388   433   7.063 
  389   399   6.568 
  389   400   7.661 
  389   401   5.740 
  389   402   4.412 
  389   403   4.190 
  389   404   7.886 
  389   431   5.510 
  389   432   5.228 
  389   433   5.913 
  390   399   5.955 
  390   400   5.820 
  390   401   5.038 
  390   402   6.317 
  390   403   7.347 
  390   429   7.305 
  390   430   5.853 
  390   431   4.734 
  390   432   6.724 
  391   398   5.176 
  391   399   4.112 
  391   400   4.880 
  391   401   6.605 
  391   429   5.870 
  391   430   5.384 
  391   431   6.371 
  391   432   7.938 
  392   398   5.365 
  392   399   6.685 
  392   400   7.278 
  392   427   6.806 
  392   428   5.418 
  392   429   4.545 
  392   430   5.820 
  392   437   7.985 
  393   396   5.881 
  393   397   5.614 
  393   398   6.281 
  393   427   7.508 
  393   428   5.516 
  393   429   6.619 
  393   430   7.306 
  393   437   5.779 
  394   397   5.310 
  394   398   6.584 
  396   436   5.690 
  396   437   5.391 
  396   438   7.189 
  397   435   5.857 
  397   436   4.521 
  397   437   5.572 
  399   402   6.294 
  400   411   6.936 
  401   405   6.927 
  401   411   7.097 
  402   405   5.883 
  405   409   7.714 
  406   409   6.619 
  407   466   6.454 
  407   467   6.363 
  407   468   5.891 
  407   470   6.920 
  408   465   7.381 
  408   466   5.376 
  408   467   4.479 
  408   468   4.998 
  408   470   7.394 
  409   465   5.895 
  409   466   5.395 
  409   467   6.785 
  410   463   6.871 
  410   464   5.694 
  410   465   4.600 
  410   466   6.543 
  411   463   5.684 
  411   464   5.106 
  411   465   6.561 
  412   461   6.667 
  412   462   5.659 
  412   463   4.268 
  412   464   6.150 
  413   461   5.714 
  413   462   5.527 
  413   463   6.576 
  414   459   6.240 
  414   460   5.490 
  414   461   4.257 
  414   462   6.010 
  414   479   7.734 
  415   458   7.997 
  415   459   6.171 
  415   460   5.132 
  415   461   6.126 
  415   462   6.911 
  416   425   7.464 
  416   457   5.331 
  416   458   5.519 
  416   459   5.639 
  416   460   6.091 
  417   420   7.732 
  417   422   6.105 
  417   424   7.906 
  417   425   6.563 
  417   456   5.733 
  417   457   4.971 
  417   458   6.815 
  418   422   7.371 
  418   456   5.462 
  418   457   6.090 
  419   422   5.536 
  419   455   7.032 
  419   456   4.909 
  419   457   7.546 
  420   453   7.683 
  420   454   6.343 
  420   455   4.744 
  420   456   5.093 
  421   452   7.588 
  421   453   4.687 
  421   454   5.376 
  421   455   6.317 
  421   456   7.663 
  422   425   7.550 
  422   451   7.035 
  422   453   6.853 
  422   454   7.549 
  422   456   7.998 
  423   449   6.143 
  423   450   5.449 
  423   451   4.616 
  423   452   6.673 
  423   453   7.088 
  424   447   6.549 
  424   448   5.578 
  424   449   4.335 
  424   450   6.188 
  424   451   6.133 
  425   447   5.735 
  425   448   5.273 
  425   449   6.593 
  426   445   6.311 
  426   446   5.650 
  426   447   4.500 
  426   448   6.365 
  427   445   5.684 
  427   446   4.915 
  427   447   6.272 
  427   448   7.956 
  428   442   7.490 
  428   443   7.677 
  428   444   6.045 
  428   445   4.577 
  428   446   6.150 
  429   442   6.146 
  429   443   5.549 
  429   444   5.924 
  429   445   6.554 
  429   446   7.361 
  430   437   7.188 
  430   440   6.364 
  430   441   5.385 
  430   442   4.378 
  430   443   5.325 
  430   444   7.437 
  431   440   5.884 
  431   441   5.013 
  431   442   6.447 
  431   443   7.186 
  432   439   7.911 
  432   440   4.924 
  432   441   6.194 
  433   440   7.176 
  434   437   7.379 
  434   439   6.035 
  434   440   6.131 
  435   439   7.639 
  436   439   5.604 
  436   440   7.070 
  437   440   5.393 
  437   441   7.878 
  437   442   7.869 
  438   441   7.830 
  442   492   7.648 
  443   492   5.775 
  443   493   7.062 
  444   489   6.312 
  444   490   5.862 
  444   491   5.036 
  444   492   4.277 
  444   493   7.405 
  445   489   5.598 
  445   490   5.004 
  445   491   5.890 
  445   492   7.042 
  446   487   6.404 
  446   488   5.785 
  446   489   4.705 
  446   490   6.494 
  447   487   5.777 
  447   488   5.077 
  447   489   6.206 
  447   490   7.405 
  448   451   7.580 
  448   485   7.117 
  448   486   6.450 
  448   487   5.129 
  448   488   6.614 
  449   486   7.181 
  449   487   6.949 
  449   488   7.331 
  454   458   7.395 
  458   478   7.626 
  459   478   5.808 
  459   479   5.380 
  459   480   6.604 
  460   476   6.731 
  460   477   5.674 
  460   478   4.501 
  460   479   5.594 
  460   485   7.658 
  461   476   5.685 
  461   477   5.177 
  461   478   5.867 
  461   479   5.414 
  462   474   7.125 
  462   475   5.985 
  462   476   4.410 
  462   477   6.478 
  463   474   5.825 
  463   475   5.388 
  463   476   6.031 
  464   472   6.872 
  464   473   6.032 
  464   474   4.821 
  464   475   6.780 
  465   472   5.605 
  465   473   5.010 
  465   474   6.224 
  466   469   7.720 
  466   470   5.655 
  466   471   5.227 
  466   472   4.534 
  466   473   6.240 
  467   470   5.427 
  467   471   5.603 
  467   472   6.766 
  467   473   7.720 
  468   471   7.455 
  475   485   7.676 
  475   486   7.873 
  475   487   7.151 
  476   484   6.008 
  476   485   4.988 
  476   486   6.788 
  476   487   7.087 
  477   482   5.878 
  477   483   5.892 
  477   484   4.121 
  477   485   4.746 
  478   481   5.761 
  478   482   5.251 
  478   483   5.771 
  478   484   6.130 
  478   485   6.346 
  479   482   5.582 
  489   492   6.668 
  495   499   6.047 
  495   500   6.406 
  496   499   5.424 
  496   500   6.303 
  497   500   5.091 
  497   501   6.152 
  498   501   5.243 
  498   502   6.181 
  499   502   5.154 
  500   503   6.089 
  501   504   6.574 
  502   505   6.348 
  503   506   5.254 
  503   507   6.436 
  504   507   5.039 
  504   508   6.291 
  505   508   5.046 
  505   509   6.167 
  506   509   4.962 
  506   510   6.134 
  507   510   5.080 
  507   511   6.334 
  508   511   4.959 
  508   512   6.262 
  509   512   4.984 
  509   513   6.013 
  510   513   5.018 
  510   514   6.426 
  511   514   5.018 
  511   515   6.568 
  512   515   4.872 
  512   516   6.232 
  513   516   5.029 
  513   517   6.138 
  514   517   5.049 
  514   518   6.147 
  515   518   4.983 
  515   519   6.200 
  516   519   5.157 
  516   520   6.349 
  517   520   5.064 
  517   521   6.403 
  518   521   5.026 
  518   522   6.179 
  519   522   4.904 
  519   523   6.136 
  519   566   7.523 
  519   567   7.481 
  519   568   5.383 
  520   523   5.076 
  520   524   6.165 
  521   524   4.896 
  521   525   6.213 
  522   525   5.003 
  522   526   6.040 
  522   568   6.810 
  522   571   7.319 
  522   572   7.392 
  523   526   4.852 
  523   527   6.199 
  523   563   5.776 
  523   568   7.934 
  523   571   7.233 
  524   527   5.199 
  524   528   6.355 
  525   528   5.082 
  525   529   6.248 
  526   529   5.116 
  526   530   6.258 
  526   559   7.427 
  526   563   6.898 
  526   571   7.129 
  526   572   7.896 
  527   530   5.047 
  527   531   6.278 
  527   563   7.688 
  528   531   5.327 
  528   532   6.134 
  529   532   5.114 
  529   533   6.009 
  530   533   5.372 
  530   534   6.161 
  530   556   6.296 
  530   559   7.583 
  530   560   7.566 
  531   534   5.121 
  531   535   6.194 
  532   535   5.329 
  532   536   6.384 
  533   536   5.052 
  533   537   6.141 
  533   581   7.678 
  534   537   5.002 
  534   538   6.022 
  535   538   5.017 
  535   539   6.079 
  536   539   5.055 
  536   540   6.108 
  536   584   7.063 
  536   587   6.717 
  537   540   5.345 
  537   541   6.194 
  537   544   7.519 
  537   549   7.580 
  537   584   7.565 
  538   541   5.256 
  540   543   5.566 
  540   544   5.781 
  541   544   5.900 
  542   545   7.804 
  544   548   6.853 
  544   549   6.507 
  545   548   5.347 
  545   549   6.253 
  546   549   4.961 
  546   550   6.141 
  547   550   5.325 
  547   551   6.444 
  548   551   5.092 
  548   552   5.915 
  548   580   7.448 
  548   581   7.743 
  549   552   5.265 
  549   553   5.904 
  550   553   5.360 
  550   554   6.211 
  551   554   5.121 
  551   555   6.196 
  551   580   6.852 
  552   555   5.052 
  552   556   6.040 
  552   577   6.614 
  552   580   6.057 
  552   581   6.032 
  553   556   4.992 
  553   557   6.136 
  554   557   5.049 
  554   558   6.181 
  555   558   4.954 
  555   559   6.127 
  555   574   6.977 
  555   576   6.847 
  555   577   5.217 
  555   580   7.827 
  556   559   5.149 
  556   560   6.206 
  556   577   6.506 
  557   560   5.057 
  557   561   6.485 
  558   561   5.281 
  558   562   6.468 
  558   574   6.477 
  559   562   5.125 
  559   563   6.102 
  559   571   6.612 
  559   574   5.083 
  559   577   7.555 
  560   563   5.111 
  560   564   6.592 
  561   564   5.229 
  561   565   6.839 
  562   565   5.265 
  562   566   7.630 
  562   567   7.366 
  562   570   6.218 
  562   571   5.252 
  562   574   7.219 
  563   566   7.388 
  563   571   6.116 
  567   570   5.541 
  567   571   6.505 
  568   571   5.226 
  568   572   6.297 
  569   572   5.045 
  569   573   6.049 
  570   573   4.973 
  570   574   6.269 
  571   574   5.374 
  572   575   6.057 
  573   576   6.250 
  574   577   6.061 
  575   578   5.208 
  575   579   6.435 
  576   579   5.233 
  576   580   6.399 
  577   580   5.467 
  577   581   6.028 
  578   581   5.162 
  578   582   5.509 
  579   582   5.093 
  580   583   7.792 
  581   584   5.141 
  582   585   6.088 
  583   586   6.575 
  584   587   6.447 
  588   591   1.523 
  588   592   2.914 
  588   593   3.287 
  588   594   3.894 
  588   595   1.613 
  588   596   5.214 
  588   597   5.424 
  588   598   6.030 
  588   599   3.729 
  588   600   5.954 
  588   601   6.498 
  588   602   6.981 
  588   603   7.972 
  588   604   7.890 
  589   592   3.617 
  589   593   3.950 
  589   594   4.119 
  589   595   2.500 
  589   596   6.282 
  589   597   6.615 
  589   598   6.835 
  589   599   4.793 
  589   600   7.114 
  589   601   7.498 
  590   593   2.712 
  590   594   4.302 
  590   595   2.452 
  590   596   5.034 
  590   597   4.841 
  590   598   5.915 
  590   599   3.848 
  590   600   6.006 
  590   601   6.835 
  590   602   7.445 
  591   594   4.943 
  591   595   2.425 
  591   596   5.767 
  591   597   5.999 
  591   598   6.785 
  591   599   4.258 
  591   600   6.134 
  591   601   6.602 
  591   602   6.746 
  591   603   7.701 
  591   604   7.593 
  591   605   7.494 
  592   595   1.623 
  592   596   2.819 
  592   597   3.445 
  592   598   3.223 
  592   599   1.618 
  592   600   3.942 
  592   601   4.462 
  592   602   5.472 
  592   603   6.448 
  592   604   6.436 
  592   605   7.094 
  592   606   7.549 
  592   608   7.702 
  593   596   3.259 
  593   597   3.265 
  593   598   3.630 
  593   599   2.605 
  593   600   4.692 
  593   601   5.507 
  593   602   6.591 
  593   603   7.370 
  593   604   7.698 
  594   597   4.430 
  594   598   3.240 
  594   599   2.559 
  594   600   4.482 
  594   601   4.602 
  594   602   5.743 
  594   603   6.858 
  594   604   6.431 
  594   605   7.209 
  594   606   7.526 
  594   608   7.957 
  595   598   4.621 
  595   599   2.351 
  595   600   4.624 
  595   601   5.025 
  595   602   5.649 
  595   603   6.726 
  595   604   6.519 
  595   605   6.858 
  595   606   7.821 
  595   608   7.953 
  596   599   1.613 
  596   600   1.608 
  596   601   2.656 
  596   602   3.868 
  596   603   4.372 
  596   604   5.126 
  596   605   6.072 
  596   606   5.799 
  596   607   7.201 
  596   608   5.665 
  596   609   6.217 
  596   610   6.088 
  596   611   7.119 
  596   612   7.832 
  596   618   7.298 
  597   600   2.571 
  597   601   3.906 
  597   602   4.901 
  597   603   5.096 
  597   604   6.296 
  597   605   7.138 
  597   606   6.863 
  597   608   6.451 
  597   609   6.847 
  597   610   6.737 
  597   611   7.592 
  597   618   7.756 
  598   601   2.997 
  598   602   4.480 
  598   603   5.048 
  598   604   5.461 
  598   605   6.618 
  598   606   5.995 
  598   607   7.346 
  598   608   6.141 
  598   609   6.549 
  598   610   6.144 
  598   611   7.145 
  598   618   7.720 
  599   602   4.003 
  599   603   4.873 
  599   604   5.139 
  599   605   5.829 
  599   606   6.172 
  599   607   7.484 
  599   608   6.172 
  599   609   7.028 
  599   610   7.114 
  600   603   2.766 
  600   604   3.739 
  600   605   4.673 
  600   606   4.330 
  600   607   5.741 
  600   608   4.078 
  600   609   4.726 
  600   610   4.785 
  600   611   5.905 
  600   612   6.498 
  600   613   7.834 
  600   616   7.805 
  600   617   6.616 
  600   618   5.818 
  601   604   2.530 
  601   605   3.677 
  601   606   3.208 
  601   607   4.577 
  601   608   3.399 
  601   609   4.227 
  601   610   4.289 
  601   611   5.566 
  601   612   6.224 
  601   613   7.655 
  601   616   7.615 
  601   617   6.340 
  601   618   5.474 
  602   605   2.347 
  602   606   2.351 
  602   607   3.634 
  602   608   2.336 
  602   609   3.545 
  602   610   4.066 
  602   611   5.368 
  602   612   5.731 
  602   613   7.098 
  602   615   7.422 
  602   616   6.655 
  602   617   5.328 
  602   618   4.691 
  603   606   2.317 
  603   607   3.577 
  603   608   1.423 
  603   609   2.386 
  603   610   3.094 
  603   611   4.271 
  603   612   4.468 
  603   613   5.775 
  603   614   6.878 
  603   615   6.069 
  603   616   5.338 
  603   617   4.048 
  603   618   3.407 
  604   607   2.457 
  604   608   2.340 
  604   609   3.645 
  604   610   4.197 
  604   611   5.520 
  604   612   5.872 
  604   613   7.242 
  604   615   7.548 
  604   616   6.750 
  604   617   5.408 
  604   618   4.796 
  605   608   2.856 
  605   609   4.297 
  605   610   5.153 
  605   611   6.389 
  605   612   6.473 
  605   613   7.704 
  605   615   7.767 
  605   616   6.777 
  605   617   5.463 
  605   618   5.197 
  606   609   2.452 
  606   610   2.959 
  606   611   4.216 
  606   612   4.565 
  606   613   5.937 
  606   614   6.993 
  606   615   6.333 
  606   616   5.666 
  606   617   4.373 
  606   618   3.602 
  607   610   3.688 
  607   611   4.714 
  607   612   4.877 
  607   613   6.087 
  607   614   7.148 
  607   615   6.365 
  607   616   5.667 
  607   617   4.485 
  607   618   3.927 
  608   611   3.640 
  608   612   3.686 
  608   613   4.986 
  608   614   6.150 
  608   615   5.244 
  608   616   4.489 
  608   617   3.155 
  608   618   2.494 
  609   612   2.246 
  609   613   3.628 
  609   614   4.720 
  609   615   4.111 
  609   616   3.658 
  609   617   2.492 
  609   618   1.335 
  610   613   3.676 
  610   614   4.456 
  610   615   4.545 
  610   616   4.466 
  610   617   3.531 
  610   618   2.182 
  611   614   3.189 
  611   615   3.767 
  611   616   4.077 
  611   617   3.529 
  611   618   2.256 
  612   615   2.439 
  612   616   2.757 
  612   617   2.437 
  612   618   1.471 
  613   616   2.350 
  613   617   2.806 
  613   618   2.526 
  614   617   4.152 
  614   618   3.772 
  615   618   2.800 
