    7   656   7.108 
    8   651   7.790 
    8   652   6.768 
    8   653   7.648 
    8   655   7.495 
    8   656   6.919 
    8   657   7.008 
    8   658   7.935 
    9   651   4.498 
    9   652   3.649 
    9   653   4.742 
    9   654   5.902 
    9   655   3.949 
    9   656   3.885 
    9   657   3.397 
    9   658   4.281 
    9   659   6.503 
    9   660   6.993 
    9   661   6.249 
    9   662   5.542 
    9   663   7.743 
    9   664   7.992 
   10   651   4.440 
   10   652   3.535 
   10   653   5.688 
   10   654   5.003 
   10   655   4.728 
   10   656   5.733 
   10   657   4.057 
   10   658   4.040 
   10   659   7.151 
   10   661   7.161 
   10   662   5.758 
   10   663   7.698 
   10   664   7.430 
   10   665   8.000 
   11   651   6.379 
   11   652   6.217 
   11   653   7.350 
   11   654   6.921 
   11   655   4.833 
   11   656   6.118 
   11   657   3.576 
   11   658   5.054 
   11   659   5.948 
   11   660   7.320 
   11   661   5.408 
   11   662   5.186 
   11   663   6.162 
   11   664   5.375 
   11   665   6.140 
   11   666   7.489 
   11   667   5.954 
   11   668   6.625 
   11   669   7.045 
   11   670   7.748 
   12   651   7.741 
   12   652   7.626 
   12   655   5.269 
   12   656   5.761 
   12   657   3.919 
   12   658   6.442 
   12   659   5.841 
   12   660   6.898 
   12   661   4.575 
   12   662   5.860 
   12   663   6.683 
   12   664   6.339 
   12   665   7.695 
   12   667   7.925 
   13   655   6.817 
   13   656   6.523 
   13   657   5.809 
   13   659   7.915 
   13   661   6.797 
   13   662   7.913 
   37   657   7.781 
   38   657   7.381 
   70   651   7.963 
   70   652   6.569 
  144   652   7.645 
  144   653   7.978 
  145   651   7.301 
  145   652   6.991 
  145   653   6.804 
  145   654   7.531 
  173   653   7.575 
  196   653   7.129 
  196   654   7.845 
  196   660   7.751 
  197   651   6.899 
  197   653   6.512 
  197   654   6.062 
  197   655   7.839 
  197   656   7.900 
  197   658   7.221 
  197   659   7.389 
  197   660   6.735 
  197   662   6.993 
  197   663   7.104 
  197   665   7.644 
  197   666   7.502 
  198   651   3.952 
  198   652   5.445 
  198   653   3.976 
  198   654   3.348 
  198   655   4.345 
  198   656   4.840 
  198   657   5.633 
  198   658   3.722 
  198   659   4.243 
  198   660   4.146 
  198   661   5.687 
  198   662   3.436 
  198   663   4.079 
  198   664   4.917 
  198   665   4.796 
  198   666   5.232 
  198   667   6.030 
  198   668   6.003 
  198   669   7.082 
  198   671   6.528 
  198   672   7.524 
  199   651   4.754 
  199   652   5.605 
  199   653   5.793 
  199   654   4.053 
  199   655   4.739 
  199   656   6.091 
  199   657   5.117 
  199   658   3.855 
  199   659   5.120 
  199   660   6.061 
  199   661   5.960 
  199   662   3.980 
  199   663   4.471 
  199   664   4.108 
  199   665   3.619 
  199   666   4.809 
  199   667   3.925 
  199   668   3.573 
  199   669   5.401 
  199   670   6.185 
  199   671   5.615 
  199   672   7.012 
  199   673   7.673 
  199   681   7.999 
  200   651   4.682 
  200   652   4.911 
  200   653   6.017 
  200   654   3.483 
  200   655   6.512 
  200   656   7.573 
  200   657   6.959 
  200   658   4.958 
  200   662   6.541 
  200   663   7.859 
  200   664   7.753 
  200   665   7.375 
  200   667   7.614 
  200   668   6.989 
  201   651   4.960 
  201   652   5.365 
  201   653   5.569 
  201   654   3.723 
  201   655   7.663 
  201   658   6.143 
  201   662   7.838 
  202   651   7.397 
  202   653   7.305 
  202   654   6.289 
  227   654   7.330 
  228   654   7.680 
  229   651   7.205 
  229   654   5.745 
  229   658   7.290 
  229   662   7.863 
  229   665   7.138 
  229   666   7.660 
  229   667   7.407 
  229   668   6.325 
  230   654   7.377 
  230   658   7.788 
  230   662   7.440 
  230   663   6.784 
  230   664   6.265 
  230   665   4.876 
  230   666   5.239 
  230   667   4.584 
  230   668   3.217 
  230   669   5.404 
  230   670   5.451 
  230   671   5.235 
  230   672   6.580 
  230   673   7.739 
  230   679   7.739 
  230   680   6.660 
  230   681   7.015 
  231   665   7.271 
  231   667   6.410 
  231   668   5.181 
  231   669   7.356 
  231   670   6.978 
  231   671   7.892 
  232   668   7.969 
  233   668   7.228 
  234   668   7.180 
  234   670   7.297 
  269   667   7.682 
  269   668   7.409 
  269   669   6.907 
  269   670   5.491 
  269   671   7.687 
  269   672   7.879 
  269   681   7.993 
  270   670   7.601 
  272   670   7.200 
  272   672   7.910 
  272   675   7.565 
  272   676   7.276 
  272   677   7.942 
  272   678   6.671 
  272   679   6.308 
  272   680   6.583 
  272   681   7.199 
  273   669   7.123 
  273   670   6.359 
  273   671   6.869 
  273   672   5.949 
  273   673   6.126 
  273   674   5.494 
  273   675   4.788 
  273   676   4.321 
  273   677   4.580 
  273   678   4.280 
  273   679   4.636 
  273   680   5.058 
  273   681   5.141 
  274   676   7.320 
  274   677   7.003 
  274   678   7.236 
  274   679   7.894 
  275   678   7.339 
  275   679   7.720 
  276   675   7.130 
  276   676   5.723 
  276   677   5.504 
  276   678   4.952 
  276   679   5.683 
  276   680   6.982 
  276   681   7.649 
  277   677   7.610 
  342   659   7.980 
  342   660   6.532 
  343   651   7.076 
  343   653   6.210 
  343   654   7.228 
  343   655   6.122 
  343   656   5.724 
  343   657   7.365 
  343   658   6.654 
  343   659   4.407 
  343   660   3.126 
  343   661   5.589 
  343   662   5.123 
  343   663   4.615 
  343   664   6.010 
  343   665   6.390 
  343   666   5.993 
  343   667   7.888 
  343   671   7.265 
  343   672   7.428 
  343   673   7.572 
  343   681   7.866 
  344   655   7.050 
  344   656   7.282 
  344   657   7.778 
  344   658   7.763 
  344   659   4.351 
  344   660   4.080 
  344   661   5.072 
  344   662   5.573 
  344   663   3.519 
  344   664   4.334 
  344   665   4.483 
  344   666   3.480 
  344   667   5.706 
  344   668   6.473 
  344   669   5.414 
  344   670   6.643 
  344   671   4.335 
  344   672   3.990 
  344   673   3.970 
  344   674   4.348 
  344   675   4.599 
  344   676   5.521 
  344   677   6.204 
  344   678   6.025 
  344   679   5.824 
  344   680   5.076 
  344   681   4.380 
  345   659   6.592 
  345   660   6.517 
  345   661   7.714 
  345   662   7.043 
  345   663   5.301 
  345   664   5.714 
  345   665   4.780 
  345   666   3.672 
  345   667   5.670 
  345   668   5.553 
  345   669   5.526 
  345   670   6.292 
  345   671   4.071 
  345   672   4.282 
  345   673   5.288 
  345   674   5.727 
  345   675   5.111 
  345   676   5.637 
  345   677   6.793 
  345   678   5.260 
  345   679   4.338 
  345   680   3.658 
  345   681   4.073 
  346   666   7.190 
  346   671   7.663 
  346   672   7.421 
  346   675   7.288 
  346   676   7.183 
  346   677   7.892 
  346   678   6.678 
  346   679   6.273 
  346   680   6.358 
  346   681   6.864 
  347   666   7.712 
  347   671   7.685 
  347   672   6.768 
  347   673   7.067 
  347   674   6.379 
  347   675   5.505 
  347   676   4.774 
  347   677   4.965 
  347   678   4.418 
  347   679   4.805 
  347   680   5.479 
  347   681   5.819 
  348   672   7.817 
  348   675   6.733 
  348   676   5.751 
  348   677   6.270 
  348   678   4.582 
  348   679   4.481 
  348   680   5.551 
  348   681   6.596 
  349   678   7.934 
  369   659   7.793 
  369   660   6.518 
  370   655   7.719 
  370   656   6.904 
  370   659   5.983 
  370   660   5.134 
  370   661   5.692 
  370   662   7.342 
  370   663   6.895 
  370   664   7.904 
