    1   132   7.746 
    1   133   7.049 
    1   134   6.029 
    1   135   7.245 
    1   136   7.708 
    2    17   7.402 
    2    18   7.533 
    2   134   6.492 
    2   136   7.108 
    3    17   7.103 
    3    18   7.642 
    3   134   7.334 
    3   135   7.651 
    3   136   5.025 
    3   137   5.040 
    3   138   6.912 
    3   375   7.245 
    3   378   5.577 
    3   379   7.415 
    4    15   6.969 
    4    16   6.008 
    4    17   4.957 
    4    18   7.248 
    4   123   7.835 
    4   126   7.394 
    4   134   7.549 
    4   136   6.581 
    4   137   4.790 
    4   138   6.297 
    4   374   7.783 
    4   375   5.819 
    4   378   6.928 
    5    15   5.566 
    5    16   5.014 
    5    17   6.042 
    5   137   5.761 
    5   138   4.893 
    5   139   6.186 
    5   371   5.680 
    5   372   6.880 
    5   373   7.517 
    5   374   4.461 
    5   375   4.078 
    5   376   7.709 
    5   377   7.884 
    5   378   6.787 
    6    13   7.325 
    6    14   5.886 
    6    15   4.540 
    6    16   6.502 
    6   119   7.611 
    6   122   7.202 
    6   137   6.914 
    6   138   6.136 
    6   139   4.936 
    6   140   6.439 
    6   371   5.515 
    6   374   6.398 
    6   375   7.523 
    7    13   5.496 
    7    14   5.086 
    7    15   6.235 
    7   139   6.123 
    7   140   5.168 
    7   141   7.766 
    7   370   6.071 
    7   371   4.676 
    7   374   7.106 
    8    12   7.231 
    8    13   4.837 
    8    14   6.774 
    8    37   7.797 
    8   118   7.803 
    8   119   7.284 
    8   139   6.809 
    8   140   6.107 
    8   141   7.263 
    9    12   5.003 
    9    13   4.897 
    9    14   7.780 
    9    37   6.758 
    9    69   7.204 
    9   195   7.923 
    9   196   7.678 
   10    13   7.745 
   10    37   6.543 
   10    66   7.838 
   10    67   5.229 
   10    68   6.865 
   10    69   5.123 
   10    70   6.907 
   10   195   7.466 
   10   196   5.646 
   10   197   5.404 
   10   198   7.616 
   11    36   5.846 
   11    37   5.238 
   11    38   7.716 
   11    66   7.489 
   11    67   6.336 
   11   195   7.849 
   11   196   5.382 
   11   197   7.305 
   12    34   6.184 
   12    35   5.305 
   12    36   4.237 
   12    37   4.936 
   13    34   5.618 
   13    35   5.059 
   13    36   6.130 
   13    37   5.895 
   13   118   7.709 
   13   122   7.916 
   14    25   7.362 
   14    26   7.855 
   14    33   6.723 
   14    34   4.854 
   14    35   6.324 
   14   122   7.262 
   14   368   6.904 
   14   371   5.763 
   15    25   5.951 
   15    26   6.079 
   15    34   7.695 
   15   122   5.948 
   15   125   7.957 
   15   126   7.326 
   15   371   5.684 
   15   372   7.814 
   16    23   6.697 
   16    24   5.436 
   16    25   4.234 
   16    26   5.800 
   16   126   7.866 
   16   371   5.570 
   16   372   5.613 
   16   374   7.558 
   16   375   5.674 
   17    23   5.802 
   17    24   5.537 
   17    25   6.607 
   17    26   7.511 
   17   126   7.655 
   17   372   7.590 
   17   375   5.408 
   18    21   6.619 
   18    22   6.126 
   18    23   4.660 
   18    24   6.517 
   18   375   5.670 
   18   376   6.632 
   18   378   7.726 
   18   379   6.459 
   19    22   5.332 
   19    23   5.678 
   19    24   6.724 
   20    23   7.692 
   23   372   6.069 
   23   375   6.712 
   23   376   7.002 
   24   372   7.068 
   25    33   6.522 
   25   368   7.272 
   25   371   7.382 
   25   372   6.811 
   26    33   5.845 
   26   125   7.308 
   26   126   6.911 
   26   129   7.538 
   27    30   7.687 
   27    31   5.329 
   27    32   4.817 
   27    33   4.348 
   27    34   7.141 
   27   125   7.379 
   28    31   5.315 
   28    32   5.334 
   28    33   6.367 
   28    34   7.329 
   28    35   7.213 
   28   122   7.653 
   28   125   5.409 
   29    32   7.372 
   29   125   6.892 
   30    51   7.813 
   32    35   6.805 
   35    50   5.385 
   35    51   7.184 
   36    49   7.628 
   36    50   4.481 
   36    51   6.370 
   36    54   7.655 
   37    49   7.204 
   37    50   5.888 
   37    66   6.310 
   37    67   7.325 
   37   118   6.227 
   38    48   7.982 
   38    49   5.605 
   38    50   5.100 
   38    51   7.785 
   38    53   6.017 
   38    54   6.499 
   38    64   7.056 
   38    65   5.758 
   38    66   4.791 
   38    67   7.677 
   38   118   7.460 
   39    47   6.887 
   39    48   5.676 
   39    49   4.728 
   39    50   6.713 
   39    53   5.810 
   39    64   5.693 
   39    65   5.054 
   39    66   6.539 
   39   114   7.130 
   39   117   7.040 
   39   118   7.222 
   40    47   5.636 
   40    48   4.950 
   40    49   6.499 
   40    53   5.152 
   40    57   7.527 
   40    60   7.885 
   40    63   5.702 
   40    64   4.103 
   40    65   5.989 
   41    45   6.799 
   41    46   6.069 
   41    47   4.838 
   41    48   6.544 
   41    63   5.515 
   41    64   6.454 
   41   104   7.610 
   42    45   5.554 
   42    46   5.336 
   42    47   6.289 
   42    48   7.548 
   42    60   7.661 
   42    63   7.338 
   43    46   7.570 
   48    52   5.900 
   48    53   4.865 
   49    52   6.285 
   49    53   5.233 
   49    54   7.974 
   49   117   7.116 
   49   118   6.422 
   49   121   6.985 
   50    53   5.261 
   50    54   6.054 
   50   118   7.933 
   51    54   4.754 
   51    55   6.228 
   52    55   5.414 
   52    56   6.887 
   53    56   5.717 
   53    57   6.410 
   53    64   6.922 
   54    57   5.563 
   55    58   7.440 
   56    59   5.606 
   56    60   6.192 
   57    60   5.007 
   57    61   5.185 
   57    63   7.938 
   57    64   5.647 
   57   259   7.795 
   58    61   5.544 
   58   256   5.795 
   58   259   6.597 
   58   260   7.293 
   59   256   7.766 
   60    63   5.645 
   60    64   6.196 
   61    64   5.543 
   61    89   5.798 
   61    90   6.627 
   61   255   7.495 
   61   256   7.519 
   61   259   7.891 
   62    65   7.873 
   62    89   5.519 
   62    90   4.289 
   62    91   6.906 
   62   104   7.288 
   63    90   6.175 
   63   104   5.689 
   63   105   7.068 
   64    90   6.940 
   65    68   6.988 
   65    90   6.656 
   65   114   7.978 
   67    70   5.546 
   67    71   7.448 
   67   197   7.435 
   68    71   5.126 
   68    72   6.166 
   68   111   6.241 
   68   114   7.435 
   68   115   6.898 
   69    72   5.156 
   69   111   7.738 
   69   115   7.556 
   69   197   7.643 
   70   197   6.595 
   70   224   7.772 
   70   225   6.727 
   71    74   5.603 
   71    81   6.720 
   71   100   6.437 
   71   101   7.643 
   71   111   6.726 
   72   100   7.525 
   72   111   5.223 
   72   112   6.697 
   72   149   5.956 
   72   152   6.425 
   72   153   7.369 
   73    99   7.432 
   73   100   7.625 
   73   111   7.710 
   73   148   4.820 
   73   149   4.070 
   73   150   7.480 
   73   151   7.608 
   73   152   5.396 
   73   153   7.818 
   74    78   6.978 
   74    81   7.502 
   74    99   6.048 
   74   100   5.705 
   74   148   7.246 
   74   149   7.015 
   75    78   5.329 
   75    81   7.248 
   75    94   7.720 
   75    98   5.887 
   75    99   4.196 
   75   100   4.770 
   76    81   5.921 
   76    82   6.745 
   76    92   7.909 
   76    93   6.661 
   76    94   5.208 
   76    95   7.755 
   76    98   5.901 
   76    99   5.250 
   76   100   4.018 
   76   101   7.376 
   77    81   6.648 
   77    82   6.069 
   77    98   7.555 
   77   100   7.772 
   78    81   5.238 
   78    82   6.086 
   79    82   5.110 
   79    83   6.309 
   80    83   5.330 
   80    84   6.439 
   80   225   7.618 
   81    84   5.010 
   81    85   6.258 
   81   100   7.308 
   82    85   5.230 
   82    86   7.372 
   83    86   6.094 
   83    87   6.909 
   84    87   4.967 
   84    88   5.861 
   85    88   5.840 
   85    91   6.982 
   85    92   5.587 
   88    91   7.018 
   88    92   7.839 
   89   255   6.905 
   90   102   7.422 
   90   103   7.491 
   90   104   7.666 
   91   102   5.643 
   91   103   5.462 
   91   104   7.376 
   92   100   6.789 
   92   101   5.818 
   92   102   4.459 
   92   103   6.382 
   93   100   5.954 
   93   101   5.192 
   93   102   5.434 
   93   103   6.604 
   93   108   7.834 
   94    97   7.661 
   94    98   5.237 
   94    99   5.665 
   94   100   5.153 
   94   101   5.801 
   94   102   7.964 
   95    98   5.065 
   95    99   5.022 
   95   100   6.138 
   95   101   5.720 
   95   108   7.503 
   95   110   7.875 
   96    99   7.275 
  100   110   7.583 
  100   111   7.816 
  101   108   6.716 
  101   109   5.672 
  101   110   4.884 
  101   111   6.009 
  102   108   5.841 
  102   109   5.247 
  102   110   6.533 
  102   111   7.155 
  103   106   5.875 
  103   107   5.305 
  103   108   4.521 
  103   109   5.932 
  104   107   5.192 
  104   108   6.595 
  104   109   7.171 
  109   113   6.732 
  109   114   7.353 
  110   113   5.528 
  110   114   6.824 
  111   114   5.074 
  111   115   6.070 
  111   152   7.966 
  111   156   7.996 
  112   115   5.065 
  112   116   5.865 
  112   152   5.977 
  112   153   6.419 
  112   155   6.245 
  112   156   4.289 
  112   159   7.431 
  113   116   4.949 
  113   117   6.791 
  113   156   6.081 
  113   159   6.464 
  113   160   7.960 
  114   117   5.458 
  114   118   7.332 
  114   156   7.951 
  115   118   5.284 
  115   119   6.407 
  115   156   6.024 
  116   119   4.872 
  116   120   5.957 
  116   156   4.836 
  116   157   6.262 
  116   159   5.888 
  116   160   4.810 
  117   120   5.021 
  117   121   6.458 
  117   160   6.848 
  118   121   5.205 
  118   122   6.474 
  119   122   5.105 
  119   123   6.112 
  119   156   7.685 
  119   157   6.806 
  119   160   6.150 
  120   123   4.949 
  120   124   6.064 
  120   160   5.412 
  120   161   7.844 
  121   124   5.153 
  121   125   5.993 
  122   125   4.898 
  122   126   6.273 
  123   126   5.215 
  123   127   6.148 
  123   134   6.591 
  124   127   4.715 
  124   128   5.883 
  125   128   5.135 
  125   129   6.389 
  126   129   5.149 
  126   130   5.993 
  126   134   7.266 
  127   130   5.077 
  127   131   5.553 
  127   132   5.514 
  127   133   5.625 
  127   134   6.021 
  128   131   5.473 
  128   132   7.534 
  130   133   7.901 
  134   162   7.912 
  135   161   6.758 
  135   162   5.060 
  135   163   6.051 
  136   162   5.265 
  136   163   4.679 
  136   164   6.024 
  136   165   6.493 
  137   157   7.923 
  137   162   6.264 
  137   163   6.240 
  137   164   5.170 
  137   165   5.883 
  137   166   7.344 
  137   378   7.380 
  138   164   5.865 
  138   165   5.635 
  138   166   4.936 
  138   167   5.966 
  138   168   6.965 
  138   374   5.757 
  138   375   6.976 
  138   377   7.222 
  138   378   6.041 
  139   154   7.766 
  139   157   7.646 
  139   164   6.954 
  139   166   6.553 
  139   167   5.099 
  139   168   6.216 
  139   374   6.721 
  140   167   5.670 
  140   168   4.818 
  140   169   5.749 
  140   170   5.694 
  140   173   7.783 
  140   370   7.678 
  140   371   7.849 
  140   374   6.745 
  141   145   6.733 
  141   150   7.015 
  141   153   7.651 
  141   167   6.830 
  141   168   6.194 
  141   169   5.181 
  141   170   5.630 
  142   145   5.388 
  142   169   5.510 
  142   170   5.186 
  142   171   7.603 
  142   198   6.780 
  142   199   7.535 
  142   200   6.568 
  142   224   6.932 
  143   169   4.627 
  143   170   5.894 
  143   171   6.753 
  143   172   7.995 
  143   200   6.097 
  143   201   7.958 
  143   202   7.847 
  143   220   6.911 
  143   221   7.370 
  143   222   7.588 
  144   200   6.551 
  144   220   7.464 
  144   221   6.227 
  144   222   5.769 
  144   223   6.584 
  144   224   6.146 
  145   149   5.654 
  145   150   6.162 
  145   224   6.473 
  146   149   5.291 
  146   150   6.124 
  147   150   5.208 
  147   151   6.129 
  148   151   5.248 
  148   152   5.921 
  149   152   5.163 
  149   153   6.224 
  150   153   5.191 
  150   154   6.297 
  150   167   7.522 
  151   154   4.966 
  151   155   6.072 
  152   155   4.924 
  152   156   6.232 
  153   156   4.936 
  153   157   6.505 
  154   157   5.109 
  154   158   6.547 
  154   164   6.449 
  154   167   6.992 
  155   158   5.027 
  155   159   6.184 
  156   159   5.096 
  156   160   6.222 
  157   160   5.133 
  157   161   6.648 
  157   162   5.124 
  157   163   6.800 
  157   164   6.082 
  158   161   5.137 
  158   162   5.005 
  158   163   6.058 
  158   164   6.988 
  159   162   7.245 
  164   167   7.003 
  165   378   7.659 
  166   378   7.782 
  168   172   7.112 
  168   173   6.660 
  168   374   6.885 
  168   377   7.917 
  169   172   5.387 
  169   173   6.366 
  170   173   5.170 
  170   174   6.327 
  170   193   7.900 
  170   200   7.978 
  170   370   6.035 
  171   174   4.916 
  171   175   6.095 
  171   191   5.873 
  171   192   7.546 
  171   193   6.649 
  171   200   7.077 
  171   201   7.235 
  171   202   6.199 
  171   339   7.964 
  171   370   7.311 
  172   175   4.955 
  172   176   6.292 
  172   202   7.653 
  172   204   7.756 
  172   217   7.476 
  172   373   7.654 
  173   176   5.024 
  173   177   6.293 
  173   369   7.307 
  173   370   5.187 
  173   371   7.440 
  173   372   7.382 
  173   373   3.975 
  173   374   5.494 
  173   376   7.912 
  173   377   7.307 
  174   177   5.060 
  174   178   6.218 
  174   191   7.693 
  174   339   7.496 
  174   369   5.031 
  174   370   4.695 
  174   372   7.550 
  174   373   5.384 
  175   178   5.022 
  175   179   5.903 
  175   191   7.393 
  175   204   7.549 
  175   215   7.849 
  175   373   7.164 
  176   179   5.089 
  176   180   6.034 
  176   215   7.649 
  176   373   5.112 
  176   376   6.822 
  176   377   7.537 
  177   180   5.387 
  177   369   5.644 
  177   370   7.146 
  177   372   5.782 
  177   373   4.523 
  177   376   7.105 
  178   181   6.728 
  178   182   5.950 
  178   364   7.023 
  178   369   7.472 
  179   182   5.013 
  179   183   6.036 
  179   184   6.683 
  179   206   7.379 
  181   184   7.586 
  183   186   7.007 
  183   187   6.770 
  183   206   7.953 
  184   187   7.057 
  184   206   7.258 
  184   207   6.949 
  184   208   5.953 
  184   213   7.854 
  185   206   7.395 
  185   207   6.677 
  185   208   7.057 
  186   205   7.157 
  186   206   5.256 
  186   207   3.637 
  186   208   5.621 
  187   205   5.924 
  187   206   5.252 
  187   207   6.199 
  187   333   7.945 
  187   334   5.961 
  187   335   7.549 
  188   203   7.199 
  188   204   5.761 
  188   205   4.328 
  188   206   6.118 
  188   332   7.225 
  188   333   5.446 
  188   334   5.414 
  188   335   6.746 
  189   203   5.753 
  189   204   5.211 
  189   205   6.240 
  189   206   7.725 
  189   333   5.646 
  189   334   5.811 
  189   335   4.751 
  189   336   5.848 
  189   337   7.241 
  190   201   6.986 
  190   202   5.774 
  190   203   4.608 
  190   204   6.333 
  190   333   6.718 
  190   335   6.314 
  190   336   4.878 
  190   337   6.085 
  191   200   7.817 
  191   201   5.595 
  191   202   5.203 
  191   203   6.419 
  191   204   7.584 
  191   336   6.146 
  191   337   4.824 
  191   338   6.143 
  191   339   7.205 
  192   199   7.824 
  192   200   6.186 
  192   201   4.820 
  192   202   6.907 
  192   336   7.376 
  192   337   6.022 
  192   338   4.998 
  192   339   6.081 
  193   198   7.941 
  193   199   5.638 
  193   200   5.039 
  193   201   6.206 
  193   338   6.030 
  193   339   4.529 
  193   340   5.497 
  193   343   7.657 
  194   197   7.738 
  194   198   6.239 
  194   199   4.609 
  194   200   6.603 
  194   226   7.953 
  194   227   6.104 
  194   228   7.643 
  194   338   7.927 
  194   339   6.421 
  194   340   5.045 
  194   341   7.151 
  194   342   5.692 
  194   343   6.093 
  195   198   5.557 
  195   199   6.407 
  195   227   5.409 
  195   228   6.024 
  195   339   7.570 
  195   340   4.467 
  195   341   5.790 
  195   342   5.533 
  195   343   7.685 
  196   227   4.717 
  196   228   4.034 
  196   229   5.505 
  196   340   7.610 
  196   341   7.291 
  196   342   6.809 
  197   224   6.897 
  197   225   5.854 
  197   226   5.575 
  197   227   4.016 
  197   228   5.934 
  197   229   6.033 
  197   230   7.681 
  198   222   7.901 
  198   223   6.071 
  198   224   4.271 
  198   225   5.222 
  198   226   4.980 
  198   227   5.080 
  199   222   5.264 
  199   223   5.039 
  199   224   5.778 
  199   225   7.278 
  199   226   5.676 
  199   227   6.259 
  199   315   7.178 
  200   220   7.299 
  200   221   5.888 
  200   222   4.252 
  200   223   6.472 
  200   224   7.564 
  201   220   5.678 
  201   221   5.270 
  201   222   5.701 
  201   318   7.042 
  201   319   6.418 
  201   322   7.357 
  202   217   6.850 
  202   218   7.581 
  202   219   5.767 
  202   220   4.287 
  202   221   6.461 
  202   322   7.158 
  203   217   5.980 
  203   218   5.513 
  203   219   5.267 
  203   220   6.336 
  203   322   7.011 
  203   323   7.387 
  203   326   7.052 
  204   215   6.741 
  204   216   5.579 
  204   217   4.375 
  204   218   5.562 
  204   219   7.257 
  205   214   7.695 
  205   215   5.807 
  205   216   5.146 
  205   217   6.355 
  205   218   6.850 
  206   213   6.679 
  206   214   5.582 
  206   215   4.684 
  206   216   6.501 
  207   213   5.855 
  207   214   5.406 
  207   215   6.906 
  208   211   5.990 
  208   212   5.354 
  208   213   4.327 
  208   214   6.228 
  209   212   5.327 
  209   213   6.650 
  217   220   7.250 
  218   325   7.668 
  218   326   5.072 
  219   322   5.356 
  219   323   7.308 
  219   325   5.857 
  219   326   5.051 
  220   322   5.698 
  221   318   5.610 
  221   319   7.317 
  221   321   7.333 
  221   322   5.834 
  222   315   7.385 
  222   318   5.683 
  223   226   5.656 
  223   315   7.923 
  226   229   7.879 
  226   230   6.525 
  226   311   7.719 
  227   230   5.495 
  227   231   6.785 
  227   342   7.434 
  228   231   4.926 
  228   232   6.200 
  228   342   5.839 
  229   232   5.014 
  229   233   6.115 
  230   233   4.831 
  230   234   6.419 
  230   311   7.875 
  231   234   5.381 
  231   235   6.722 
  231   308   5.910 
  231   311   7.418 
  232   235   5.333 
  232   236   6.156 
  232   262   7.201 
  232   265   5.975 
  232   266   5.632 
  232   269   7.161 
  233   236   4.988 
  233   237   6.173 
  233   262   7.986 
  234   237   5.272 
  234   238   6.346 
  234   307   6.032 
  234   308   6.578 
  235   238   5.026 
  235   239   6.277 
  235   265   6.163 
  235   269   7.927 
  235   304   6.963 
  235   307   6.779 
  236   239   5.132 
  236   240   6.399 
  236   261   7.114 
  236   262   6.687 
  236   265   5.976 
  237   240   5.326 
  237   241   6.222 
  238   241   5.242 
  238   242   6.108 
  239   242   5.059 
  239   243   5.978 
  239   297   7.688 
  240   243   4.972 
  240   244   5.899 
  240   250   6.748 
  240   251   6.266 
  240   252   7.413 
  241   244   5.019 
  241   245   6.470 
  242   245   5.228 
  242   246   6.282 
  243   246   5.124 
  243   247   5.609 
  243   248   6.984 
  243   249   6.635 
  243   250   7.517 
  243   251   7.667 
  243   295   7.272 
  244   247   5.650 
  244   248   4.625 
  244   249   4.803 
  244   250   5.583 
  244   251   7.623 
  245   248   5.484 
  245   249   7.731 
  250   253   6.733 
  251   254   5.900 
  251   257   7.201 
  251   258   7.337 
  252   255   6.932 
  252   257   7.673 
  252   258   6.170 
  254   257   5.445 
  254   258   6.228 
  254   286   7.894 
  255   258   4.978 
  255   259   6.258 
  256   259   5.476 
  256   260   6.401 
  257   260   5.100 
  257   261   5.839 
  257   285   5.718 
  257   286   6.651 
  258   261   4.841 
  258   262   5.916 
  259   262   4.934 
  259   263   6.308 
  260   263   5.152 
  260   264   6.021 
  261   264   4.588 
  261   265   5.885 
  261   282   7.935 
  262   265   5.159 
  262   266   6.208 
  263   266   5.255 
  263   267   6.093 
  264   267   5.111 
  264   268   6.116 
  264   280   6.354 
  264   281   7.948 
  264   282   7.661 
  265   268   5.100 
  265   269   6.028 
  265   280   7.192 
  266   269   4.993 
  266   270   6.166 
  267   270   5.199 
  267   271   6.038 
  268   271   4.932 
  268   272   6.152 
  268   278   6.482 
  268   279   7.124 
  268   280   6.383 
  268   299   7.932 
  269   272   5.234 
  269   273   6.915 
  269   304   7.384 
  270   273   5.435 
  270   274   7.856 
  270   345   7.884 
  271   274   6.045 
  271   275   6.047 
  271   278   6.968 
  272   275   4.789 
  272   276   6.117 
  272   277   6.267 
  272   278   6.731 
  272   300   7.378 
  272   301   5.454 
  272   304   7.914 
  272   345   7.978 
  273   301   7.651 
  273   344   6.743 
  273   345   5.046 
  273   346   6.248 
  275   278   6.949 
  275   301   7.279 
  276   300   5.812 
  276   301   5.104 
  276   302   7.851 
  277   298   7.237 
  277   299   5.692 
  277   300   4.070 
  277   301   5.614 
  278   298   5.994 
  278   299   5.456 
  278   300   6.351 
  279   296   6.696 
  279   297   5.612 
  279   298   4.447 
  279   299   5.856 
  280   295   7.444 
  280   296   5.713 
  280   297   5.290 
  280   298   6.386 
  280   299   7.269 
  281   294   7.761 
  281   295   6.084 
  281   296   4.576 
  281   297   6.610 
  282   285   5.925 
  282   294   5.885 
  282   295   5.374 
  282   296   6.370 
  283   293   6.911 
  283   294   4.380 
  283   295   6.374 
  283   296   7.881 
  284   287   7.142 
  284   292   5.291 
  284   293   5.228 
  284   294   5.104 
  284   295   7.993 
  285   292   7.261 
  285   293   5.857 
  285   294   5.449 
  285   295   6.682 
  286   292   5.730 
  286   293   5.567 
  286   294   7.431 
  287   290   6.900 
  287   291   4.806 
  287   292   4.023 
  287   293   5.406 
  288   291   5.569 
  288   292   6.838 
  288   293   7.212 
  299   303   6.232 
  299   304   7.140 
  300   303   5.063 
  300   304   6.516 
  301   304   5.204 
  301   305   6.155 
  302   305   4.994 
  302   306   6.075 
  303   306   5.112 
  303   307   6.324 
  304   307   5.022 
  304   308   6.375 
  305   308   5.414 
  305   309   5.522 
  305   347   7.043 
  306   309   5.460 
  307   310   7.678 
  308   311   5.210 
  308   312   6.425 
  309   312   5.055 
  309   313   6.177 
  310   313   4.864 
  310   314   6.232 
  311   314   5.110 
  311   315   6.857 
  312   315   5.413 
  312   316   7.060 
  312   348   6.561 
  312   351   7.852 
  313   316   5.189 
  313   317   7.149 
  314   317   5.839 
  314   318   7.723 
  315   318   6.078 
  315   319   7.213 
  316   319   5.299 
  316   320   6.869 
  316   352   7.704 
  316   355   7.909 
  317   320   5.359 
  317   321   6.712 
  318   321   5.094 
  318   322   6.092 
  319   322   5.231 
  319   323   6.164 
  320   323   5.275 
  320   324   6.269 
  321   324   4.985 
  321   325   6.112 
  322   325   4.951 
  322   326   5.995 
  323   326   5.114 
  323   327   6.109 
  323   328   5.251 
  323   329   6.280 
  323   330   7.317 
  324   327   5.110 
  324   328   6.293 
  324   329   7.655 
  325   328   7.663 
  328   332   6.030 
  329   332   5.373 
  329   333   7.534 
  330   333   5.822 
  330   355   7.940 
  330   356   5.564 
  330   357   7.754 
  331   334   7.684 
  331   356   7.388 
  333   336   7.270 
  333   356   7.830 
  335   360   6.841 
  335   361   7.044 
  336   356   7.769 
  336   358   7.486 
  336   359   7.132 
  336   360   4.683 
  336   361   6.283 
  337   360   5.599 
  337   361   5.770 
  337   364   7.318 
  338   343   6.333 
  338   360   6.682 
  338   361   7.446 
  338   364   7.596 
  338   366   6.473 
  339   343   6.581 
  339   364   7.816 
  339   365   7.405 
  339   366   4.215 
  339   367   6.934 
  339   369   7.447 
  340   343   5.758 
  340   344   7.841 
  340   366   4.971 
  340   367   5.818 
  341   344   5.726 
  341   366   6.230 
  341   367   6.296 
  342   345   6.082 
  342   348   7.852 
  343   346   7.727 
  343   348   5.702 
  343   349   6.267 
  343   366   7.882 
  344   348   7.323 
  344   349   7.080 
  345   348   5.446 
  345   349   6.525 
  346   349   5.181 
  346   350   6.024 
  347   350   4.870 
  347   351   6.018 
  348   351   5.223 
  348   352   6.116 
  349   352   5.302 
  349   353   6.001 
  349   360   7.514 
  350   353   5.098 
  350   354   6.213 
  351   354   5.357 
  351   355   6.221 
  352   355   5.150 
  352   356   6.378 
  352   360   7.916 
  353   356   5.437 
  353   357   5.544 
  353   358   5.188 
  353   359   5.156 
  353   360   6.371 
  354   357   4.632 
  354   358   6.707 
  355   358   7.868 
  356   359   7.929 
  361   364   6.810 
  364   369   6.799 
  365   368   5.566 
  365   369   5.550 
  366   369   5.998 
  366   370   7.965 
  367   370   7.259 
  368   371   5.400 
  368   372   6.094 
  369   372   5.069 
  369   373   5.979 
  370   373   4.953 
  370   374   6.253 
  371   374   5.094 
  371   375   6.374 
  372   375   5.129 
  372   376   6.316 
  373   376   4.979 
  373   377   6.179 
  374   377   5.016 
  374   378   6.346 
  375   378   5.023 
  375   379   6.332 
  376   379   4.857 
  376   380   6.402 
  377   380   5.139 
  377   381   6.589 
  378   381   5.156 
  378   382   6.551 
  379   382   5.375 
  379   383   5.996 
  380   383   5.201 
  384   387   1.623 
  384   388   2.819 
  384   389   3.445 
  384   390   3.223 
  384   391   1.618 
  384   392   3.942 
  384   393   4.462 
  384   394   5.472 
  384   395   6.448 
  384   396   6.436 
  384   397   7.094 
  384   398   7.549 
  384   400   7.702 
  385   388   3.259 
  385   389   3.265 
  385   390   3.630 
  385   391   2.605 
  385   392   4.692 
  385   393   5.507 
  385   394   6.591 
  385   395   7.370 
  385   396   7.698 
  386   389   4.430 
  386   390   3.240 
  386   391   2.559 
  386   392   4.482 
  386   393   4.602 
  386   394   5.743 
  386   395   6.858 
  386   396   6.431 
  386   397   7.209 
  386   398   7.526 
  386   400   7.957 
  387   390   4.621 
  387   391   2.351 
  387   392   4.624 
  387   393   5.025 
  387   394   5.649 
  387   395   6.726 
  387   396   6.519 
  387   397   6.858 
  387   398   7.821 
  387   400   7.953 
  388   391   1.613 
  388   392   1.608 
  388   393   2.656 
  388   394   3.868 
  388   395   4.372 
  388   396   5.126 
  388   397   6.072 
  388   398   5.799 
  388   399   7.201 
  388   400   5.665 
  388   401   6.217 
  388   402   6.088 
  388   403   7.119 
  388   404   7.832 
  388   410   7.298 
  389   392   2.571 
  389   393   3.906 
  389   394   4.901 
  389   395   5.096 
  389   396   6.296 
  389   397   7.138 
  389   398   6.863 
  389   400   6.451 
  389   401   6.847 
  389   402   6.737 
  389   403   7.592 
  389   410   7.756 
  390   393   2.997 
  390   394   4.480 
  390   395   5.048 
  390   396   5.461 
  390   397   6.618 
  390   398   5.995 
  390   399   7.346 
  390   400   6.141 
  390   401   6.549 
  390   402   6.144 
  390   403   7.145 
  390   410   7.720 
  391   394   4.003 
  391   395   4.873 
  391   396   5.139 
  391   397   5.829 
  391   398   6.172 
  391   399   7.484 
  391   400   6.172 
  391   401   7.028 
  391   402   7.114 
  392   395   2.766 
  392   396   3.739 
  392   397   4.673 
  392   398   4.330 
  392   399   5.741 
  392   400   4.078 
  392   401   4.726 
  392   402   4.785 
  392   403   5.905 
  392   404   6.498 
  392   405   7.834 
  392   408   7.805 
  392   409   6.616 
  392   410   5.818 
  393   396   2.530 
  393   397   3.677 
  393   398   3.208 
  393   399   4.577 
  393   400   3.399 
  393   401   4.227 
  393   402   4.289 
  393   403   5.566 
  393   404   6.224 
  393   405   7.655 
  393   408   7.615 
  393   409   6.340 
  393   410   5.474 
  394   397   2.347 
  394   398   2.351 
  394   399   3.634 
  394   400   2.336 
  394   401   3.545 
  394   402   4.066 
  394   403   5.368 
  394   404   5.731 
  394   405   7.098 
  394   407   7.422 
  394   408   6.655 
  394   409   5.328 
  394   410   4.691 
  395   398   2.317 
  395   399   3.577 
  395   400   1.423 
  395   401   2.386 
  395   402   3.094 
  395   403   4.271 
  395   404   4.468 
  395   405   5.775 
  395   406   6.878 
  395   407   6.069 
  395   408   5.338 
  395   409   4.048 
  395   410   3.407 
  396   399   2.457 
  396   400   2.340 
  396   401   3.645 
  396   402   4.197 
  396   403   5.520 
  396   404   5.872 
  396   405   7.242 
  396   407   7.548 
  396   408   6.750 
  396   409   5.408 
  396   410   4.796 
  397   400   2.856 
  397   401   4.297 
  397   402   5.153 
  397   403   6.389 
  397   404   6.473 
  397   405   7.704 
  397   407   7.767 
  397   408   6.777 
  397   409   5.463 
  397   410   5.197 
  398   401   2.452 
  398   402   2.959 
  398   403   4.216 
  398   404   4.565 
  398   405   5.937 
  398   406   6.993 
  398   407   6.333 
  398   408   5.666 
  398   409   4.373 
  398   410   3.602 
  399   402   3.688 
  399   403   4.714 
  399   404   4.877 
  399   405   6.087 
  399   406   7.148 
  399   407   6.365 
  399   408   5.667 
  399   409   4.485 
  399   410   3.927 
  400   403   3.640 
  400   404   3.686 
  400   405   4.986 
  400   406   6.150 
  400   407   5.244 
  400   408   4.489 
  400   409   3.155 
  400   410   2.494 
  401   404   2.246 
  401   405   3.628 
  401   406   4.720 
  401   407   4.111 
  401   408   3.658 
  401   409   2.492 
  401   410   1.335 
  402   405   3.676 
  402   406   4.456 
  402   407   4.545 
  402   408   4.466 
  402   409   3.531 
  402   410   2.182 
  403   406   3.189 
  403   407   3.767 
  403   408   4.077 
  403   409   3.529 
  403   410   2.256 
  404   407   2.439 
  404   408   2.757 
  404   409   2.437 
  404   410   1.471 
  405   408   2.350 
  405   409   2.806 
  405   410   2.526 
  406   409   4.152 
  406   410   3.772 
  407   410   2.800 
    7   385   7.046 
    8   384   7.525 
    8   385   6.969 
    8   386   7.012 
    8   387   7.975 
    9   384   3.980 
    9   385   3.926 
    9   386   3.403 
    9   387   4.326 
    9   388   6.523 
    9   389   7.022 
    9   390   6.252 
    9   391   5.570 
    9   392   7.761 
   10   384   4.749 
   10   385   5.730 
   10   386   4.084 
   10   387   4.063 
   10   388   7.196 
   10   390   7.205 
   10   391   5.803 
   10   392   7.761 
   10   393   7.507 
   11   384   4.817 
   11   385   6.095 
   11   386   3.551 
   11   387   5.054 
   11   388   5.931 
   11   389   7.301 
   11   390   5.380 
   11   391   5.176 
   11   392   6.155 
   11   393   5.373 
   11   394   6.150 
   11   395   7.496 
   11   396   5.972 
   11   397   6.652 
   11   398   7.057 
   11   399   7.766 
   12   384   5.219 
   12   385   5.705 
   12   386   3.865 
   12   387   6.387 
   12   388   5.829 
   12   389   6.880 
   12   390   4.573 
   12   391   5.830 
   12   392   6.683 
   12   393   6.350 
   12   394   7.705 
   12   396   7.944 
   13   384   6.966 
   13   385   6.667 
   13   386   5.955 
   13   390   6.991 
   36   386   7.792 
   37   386   7.308 
  193   389   7.784 
  194   384   7.892 
  194   385   7.949 
  194   387   7.267 
  194   388   7.454 
  194   389   6.797 
  194   391   7.053 
  194   392   7.172 
  194   394   7.709 
  194   395   7.568 
  195   384   4.364 
  195   385   4.867 
  195   386   5.648 
  195   387   3.730 
  195   388   4.268 
  195   389   4.179 
  195   390   5.709 
  195   391   3.455 
  195   392   4.093 
  195   393   4.922 
  195   394   4.791 
  195   395   5.230 
  195   396   6.019 
  195   397   5.983 
  195   398   7.074 
  195   400   6.521 
  195   401   7.523 
  196   384   4.723 
  196   385   6.077 
  196   386   5.098 
  196   387   3.842 
  196   388   5.107 
  196   389   6.052 
  196   390   5.945 
  196   391   3.966 
  196   392   4.462 
  196   393   4.097 
  196   394   3.615 
  196   395   4.808 
  196   396   3.921 
  196   397   3.576 
  196   398   5.398 
  196   399   6.185 
  196   400   5.616 
  196   401   7.012 
  196   402   7.669 
  197   384   6.542 
  197   385   7.602 
  197   386   6.997 
  197   387   4.989 
  197   391   6.560 
  197   392   7.865 
  197   393   7.761 
  197   394   7.372 
  197   396   7.612 
  197   397   6.978 
  198   384   7.595 
  198   387   6.076 
  198   391   7.760 
  227   387   7.331 
  227   391   7.901 
  227   394   7.154 
  227   395   7.676 
  227   396   7.411 
  227   397   6.321 
  228   387   7.747 
  228   391   7.390 
  228   392   6.731 
  228   393   6.201 
  228   394   4.813 
  228   395   5.187 
  228   396   4.511 
  228   397   3.142 
  228   398   5.337 
  228   399   5.387 
  228   400   5.181 
  228   401   6.532 
  228   402   7.685 
  228   408   7.724 
  228   409   6.636 
  228   410   6.978 
  229   394   7.269 
  229   396   6.410 
  229   397   5.185 
  229   398   7.362 
  229   399   6.988 
  229   400   7.901 
  230   397   7.932 
  231   397   7.262 
  232   397   7.194 
  232   399   7.325 
  266   396   7.653 
  266   397   7.374 
  266   398   6.887 
  266   399   5.470 
  266   400   7.672 
  266   401   7.874 
  266   410   7.994 
  267   399   7.542 
  269   399   7.171 
  269   401   7.869 
  269   404   7.519 
  269   405   7.229 
  269   406   7.895 
  269   407   6.627 
  269   408   6.267 
  269   409   6.543 
  269   410   7.157 
  270   398   7.100 
  270   399   6.326 
  270   400   6.859 
  270   401   5.947 
  270   402   6.122 
  270   403   5.501 
  270   404   4.807 
  270   405   4.360 
  270   406   4.624 
  270   407   4.327 
  270   408   4.672 
  270   409   5.078 
  270   410   5.153 
  271   405   7.306 
  271   406   6.983 
  271   407   7.235 
  271   408   7.898 
  272   406   7.995 
  272   407   7.309 
  272   408   7.691 
  273   404   7.074 
  273   405   5.665 
  273   406   5.438 
  273   407   4.904 
  273   408   5.647 
  273   409   6.945 
  273   410   7.602 
  274   406   7.607 
  339   389   6.567 
  340   384   6.093 
  340   385   5.683 
  340   386   7.347 
  340   387   6.611 
  340   388   4.422 
  340   389   3.134 
  340   390   5.614 
  340   391   5.110 
  340   392   4.649 
  340   393   6.048 
  340   394   6.428 
  340   395   6.048 
  340   396   7.928 
  340   400   7.327 
  340   401   7.505 
  340   402   7.655 
  340   410   7.947 
  341   384   7.021 
  341   385   7.253 
  341   386   7.765 
  341   387   7.717 
  341   388   4.337 
  341   389   4.053 
  341   390   5.088 
  341   391   5.541 
  341   392   3.502 
  341   393   4.334 
  341   394   4.466 
  341   395   3.466 
  341   396   5.702 
  341   397   6.451 
  341   398   5.430 
  341   399   6.660 
  341   400   4.339 
  341   401   4.021 
  341   402   4.032 
  341   403   4.422 
  341   404   4.653 
  341   405   5.569 
  341   406   6.265 
  341   407   6.052 
  341   408   5.831 
  341   409   5.080 
  341   410   4.407 
  342   388   6.619 
  342   389   6.528 
  342   390   7.753 
  342   391   7.063 
  342   392   5.341 
  342   393   5.769 
  342   394   4.840 
  342   395   3.744 
  342   396   5.739 
  342   397   5.613 
  342   398   5.607 
  342   399   6.375 
  342   400   4.156 
  342   401   4.371 
  342   402   5.374 
  342   403   5.810 
  342   404   5.192 
  342   405   5.708 
  342   406   6.859 
  342   407   5.323 
  342   408   4.403 
  342   409   3.737 
  342   410   4.161 
  343   395   7.194 
  343   400   7.673 
  343   401   7.428 
  343   404   7.296 
  343   405   7.193 
  343   406   7.898 
  343   407   6.693 
  343   408   6.294 
  343   409   6.376 
  343   410   6.875 
  344   395   7.699 
  344   400   7.660 
  344   401   6.736 
  344   402   7.034 
  344   403   6.338 
  344   404   5.457 
  344   405   4.714 
  344   406   4.902 
  344   407   4.354 
  344   408   4.751 
  344   409   5.436 
  344   410   5.778 
  345   401   7.790 
  345   403   7.972 
  345   404   6.691 
  345   405   5.699 
  345   406   6.214 
  345   407   4.524 
  345   408   4.434 
  345   409   5.517 
  345   410   6.563 
  346   407   7.991 
  366   388   7.750 
  366   389   6.476 
  367   384   7.814 
  367   385   6.999 
  367   388   6.071 
  367   389   5.219 
  367   390   5.781 
  367   391   7.433 
  367   392   6.972 
  367   393   7.980 
