    7   385   7.046 
    8   384   7.525 
    8   385   6.969 
    8   386   7.012 
    8   387   7.975 
    9   384   3.980 
    9   385   3.926 
    9   386   3.403 
    9   387   4.326 
    9   388   6.523 
    9   389   7.022 
    9   390   6.252 
    9   391   5.570 
    9   392   7.761 
   10   384   4.749 
   10   385   5.730 
   10   386   4.084 
   10   387   4.063 
   10   388   7.196 
   10   390   7.205 
   10   391   5.803 
   10   392   7.761 
   10   393   7.507 
   11   384   4.817 
   11   385   6.095 
   11   386   3.551 
   11   387   5.054 
   11   388   5.931 
   11   389   7.301 
   11   390   5.380 
   11   391   5.176 
   11   392   6.155 
   11   393   5.373 
   11   394   6.150 
   11   395   7.496 
   11   396   5.972 
   11   397   6.652 
   11   398   7.057 
   11   399   7.766 
   12   384   5.219 
   12   385   5.705 
   12   386   3.865 
   12   387   6.387 
   12   388   5.829 
   12   389   6.880 
   12   390   4.573 
   12   391   5.830 
   12   392   6.683 
   12   393   6.350 
   12   394   7.705 
   12   396   7.944 
   13   384   6.966 
   13   385   6.667 
   13   386   5.955 
   13   390   6.991 
   36   386   7.792 
   37   386   7.308 
  193   389   7.784 
  194   384   7.892 
  194   385   7.949 
  194   387   7.267 
  194   388   7.454 
  194   389   6.797 
  194   391   7.053 
  194   392   7.172 
  194   394   7.709 
  194   395   7.568 
  195   384   4.364 
  195   385   4.867 
  195   386   5.648 
  195   387   3.730 
  195   388   4.268 
  195   389   4.179 
  195   390   5.709 
  195   391   3.455 
  195   392   4.093 
  195   393   4.922 
  195   394   4.791 
  195   395   5.230 
  195   396   6.019 
  195   397   5.983 
  195   398   7.074 
  195   400   6.521 
  195   401   7.523 
  196   384   4.723 
  196   385   6.077 
  196   386   5.098 
  196   387   3.842 
  196   388   5.107 
  196   389   6.052 
  196   390   5.945 
  196   391   3.966 
  196   392   4.462 
  196   393   4.097 
  196   394   3.615 
  196   395   4.808 
  196   396   3.921 
  196   397   3.576 
  196   398   5.398 
  196   399   6.185 
  196   400   5.616 
  196   401   7.012 
  196   402   7.669 
  197   384   6.542 
  197   385   7.602 
  197   386   6.997 
  197   387   4.989 
  197   391   6.560 
  197   392   7.865 
  197   393   7.761 
  197   394   7.372 
  197   396   7.612 
  197   397   6.978 
  198   384   7.595 
  198   387   6.076 
  198   391   7.760 
  227   387   7.331 
  227   391   7.901 
  227   394   7.154 
  227   395   7.676 
  227   396   7.411 
  227   397   6.321 
  228   387   7.747 
  228   391   7.390 
  228   392   6.731 
  228   393   6.201 
  228   394   4.813 
  228   395   5.187 
  228   396   4.511 
  228   397   3.142 
  228   398   5.337 
  228   399   5.387 
  228   400   5.181 
  228   401   6.532 
  228   402   7.685 
  228   408   7.724 
  228   409   6.636 
  228   410   6.978 
  229   394   7.269 
  229   396   6.410 
  229   397   5.185 
  229   398   7.362 
  229   399   6.988 
  229   400   7.901 
  230   397   7.932 
  231   397   7.262 
  232   397   7.194 
  232   399   7.325 
  266   396   7.653 
  266   397   7.374 
  266   398   6.887 
  266   399   5.470 
  266   400   7.672 
  266   401   7.874 
  266   410   7.994 
  267   399   7.542 
  269   399   7.171 
  269   401   7.869 
  269   404   7.519 
  269   405   7.229 
  269   406   7.895 
  269   407   6.627 
  269   408   6.267 
  269   409   6.543 
  269   410   7.157 
  270   398   7.100 
  270   399   6.326 
  270   400   6.859 
  270   401   5.947 
  270   402   6.122 
  270   403   5.501 
  270   404   4.807 
  270   405   4.360 
  270   406   4.624 
  270   407   4.327 
  270   408   4.672 
  270   409   5.078 
  270   410   5.153 
  271   405   7.306 
  271   406   6.983 
  271   407   7.235 
  271   408   7.898 
  272   406   7.995 
  272   407   7.309 
  272   408   7.691 
  273   404   7.074 
  273   405   5.665 
  273   406   5.438 
  273   407   4.904 
  273   408   5.647 
  273   409   6.945 
  273   410   7.602 
  274   406   7.607 
  339   389   6.567 
  340   384   6.093 
  340   385   5.683 
  340   386   7.347 
  340   387   6.611 
  340   388   4.422 
  340   389   3.134 
  340   390   5.614 
  340   391   5.110 
  340   392   4.649 
  340   393   6.048 
  340   394   6.428 
  340   395   6.048 
  340   396   7.928 
  340   400   7.327 
  340   401   7.505 
  340   402   7.655 
  340   410   7.947 
  341   384   7.021 
  341   385   7.253 
  341   386   7.765 
  341   387   7.717 
  341   388   4.337 
  341   389   4.053 
  341   390   5.088 
  341   391   5.541 
  341   392   3.502 
  341   393   4.334 
  341   394   4.466 
  341   395   3.466 
  341   396   5.702 
  341   397   6.451 
  341   398   5.430 
  341   399   6.660 
  341   400   4.339 
  341   401   4.021 
  341   402   4.032 
  341   403   4.422 
  341   404   4.653 
  341   405   5.569 
  341   406   6.265 
  341   407   6.052 
  341   408   5.831 
  341   409   5.080 
  341   410   4.407 
  342   388   6.619 
  342   389   6.528 
  342   390   7.753 
  342   391   7.063 
  342   392   5.341 
  342   393   5.769 
  342   394   4.840 
  342   395   3.744 
  342   396   5.739 
  342   397   5.613 
  342   398   5.607 
  342   399   6.375 
  342   400   4.156 
  342   401   4.371 
  342   402   5.374 
  342   403   5.810 
  342   404   5.192 
  342   405   5.708 
  342   406   6.859 
  342   407   5.323 
  342   408   4.403 
  342   409   3.737 
  342   410   4.161 
  343   395   7.194 
  343   400   7.673 
  343   401   7.428 
  343   404   7.296 
  343   405   7.193 
  343   406   7.898 
  343   407   6.693 
  343   408   6.294 
  343   409   6.376 
  343   410   6.875 
  344   395   7.699 
  344   400   7.660 
  344   401   6.736 
  344   402   7.034 
  344   403   6.338 
  344   404   5.457 
  344   405   4.714 
  344   406   4.902 
  344   407   4.354 
  344   408   4.751 
  344   409   5.436 
  344   410   5.778 
  345   401   7.790 
  345   403   7.972 
  345   404   6.691 
  345   405   5.699 
  345   406   6.214 
  345   407   4.524 
  345   408   4.434 
  345   409   5.517 
  345   410   6.563 
  346   407   7.991 
  366   388   7.750 
  366   389   6.476 
  367   384   7.814 
  367   385   6.999 
  367   388   6.071 
  367   389   5.219 
  367   390   5.781 
  367   391   7.433 
  367   392   6.972 
  367   393   7.980 
