    7   389   7.046 
    8   384   7.851 
    8   385   6.825 
    8   386   7.727 
    8   388   7.525 
    8   389   6.969 
    8   390   7.012 
    8   391   7.975 
    9   384   4.560 
    9   385   3.712 
    9   386   4.809 
    9   387   5.960 
    9   388   3.980 
    9   389   3.926 
    9   390   3.403 
    9   391   4.326 
    9   392   6.523 
    9   393   7.022 
    9   394   6.252 
    9   395   5.570 
    9   396   7.761 
   10   384   4.434 
   10   385   3.497 
   10   386   5.672 
   10   387   5.015 
   10   388   4.749 
   10   389   5.730 
   10   390   4.084 
   10   391   4.063 
   10   392   7.196 
   10   394   7.205 
   10   395   5.803 
   10   396   7.761 
   10   397   7.507 
   11   384   6.382 
   11   385   6.219 
   11   386   7.345 
   11   387   6.935 
   11   388   4.817 
   11   389   6.095 
   11   390   3.551 
   11   391   5.054 
   11   392   5.931 
   11   393   7.301 
   11   394   5.380 
   11   395   5.176 
   11   396   6.155 
   11   397   5.373 
   11   398   6.150 
   11   399   7.496 
   11   400   5.972 
   11   401   6.652 
   11   402   7.057 
   11   403   7.766 
   12   384   7.678 
   12   385   7.554 
   12   386   7.982 
   12   388   5.219 
   12   389   5.705 
   12   390   3.865 
   12   391   6.387 
   12   392   5.829 
   12   393   6.880 
   12   394   4.573 
   12   395   5.830 
   12   396   6.683 
   12   397   6.350 
   12   398   7.705 
   12   400   7.944 
   13   388   6.966 
   13   389   6.667 
   13   390   5.955 
   13   394   6.991 
   36   390   7.792 
   37   390   7.308 
   69   385   6.613 
  141   385   7.576 
  141   386   7.909 
  142   384   7.289 
  142   385   6.980 
  142   386   6.789 
  142   387   7.523 
  170   386   7.591 
  193   386   7.127 
  193   387   7.833 
  193   393   7.784 
  194   384   6.933 
  194   386   6.545 
  194   387   6.092 
  194   388   7.892 
  194   389   7.949 
  194   391   7.267 
  194   392   7.454 
  194   393   6.797 
  194   395   7.053 
  194   396   7.172 
  194   398   7.709 
  194   399   7.568 
  195   384   3.959 
  195   385   5.450 
  195   386   3.995 
  195   387   3.340 
  195   388   4.364 
  195   389   4.867 
  195   390   5.648 
  195   391   3.730 
  195   392   4.268 
  195   393   4.179 
  195   394   5.709 
  195   395   3.455 
  195   396   4.093 
  195   397   4.922 
  195   398   4.791 
  195   399   5.230 
  195   400   6.019 
  195   401   5.983 
  195   402   7.074 
  195   404   6.521 
  195   405   7.523 
  196   384   4.745 
  196   385   5.595 
  196   386   5.785 
  196   387   4.050 
  196   388   4.723 
  196   389   6.077 
  196   390   5.098 
  196   391   3.842 
  196   392   5.107 
  196   393   6.052 
  196   394   5.945 
  196   395   3.966 
  196   396   4.462 
  196   397   4.097 
  196   398   3.615 
  196   399   4.808 
  196   400   3.921 
  196   401   3.576 
  196   402   5.398 
  196   403   6.185 
  196   404   5.616 
  196   405   7.012 
  196   406   7.669 
  197   384   4.713 
  197   385   4.954 
  197   386   6.041 
  197   387   3.502 
  197   388   6.542 
  197   389   7.602 
  197   390   6.997 
  197   391   4.989 
  197   395   6.560 
  197   396   7.865 
  197   397   7.761 
  197   398   7.372 
  197   400   7.612 
  197   401   6.978 
  198   384   4.902 
  198   385   5.326 
  198   386   5.512 
  198   387   3.655 
  198   388   7.595 
  198   391   6.076 
  198   395   7.760 
  199   384   7.392 
  199   386   7.310 
  199   387   6.286 
  224   387   7.601 
  226   387   7.671 
  227   384   7.251 
  227   387   5.793 
  227   391   7.331 
  227   395   7.901 
  227   398   7.154 
  227   399   7.676 
  227   400   7.411 
  227   401   6.321 
  228   387   7.357 
  228   391   7.747 
  228   395   7.390 
  228   396   6.731 
  228   397   6.201 
  228   398   4.813 
  228   399   5.187 
  228   400   4.511 
  228   401   3.142 
  228   402   5.337 
  228   403   5.387 
  228   404   5.181 
  228   405   6.532 
  228   406   7.685 
  228   412   7.724 
  228   413   6.636 
  228   414   6.978 
  229   398   7.269 
  229   400   6.410 
  229   401   5.185 
  229   402   7.362 
  229   403   6.988 
  229   404   7.901 
  230   401   7.932 
  231   401   7.262 
  232   401   7.194 
  232   403   7.325 
  266   400   7.653 
  266   401   7.374 
  266   402   6.887 
  266   403   5.470 
  266   404   7.672 
  266   405   7.874 
  266   414   7.994 
  267   403   7.542 
  269   403   7.171 
  269   405   7.869 
  269   408   7.519 
  269   409   7.229 
  269   410   7.895 
  269   411   6.627 
  269   412   6.267 
  269   413   6.543 
  269   414   7.157 
  270   402   7.100 
  270   403   6.326 
  270   404   6.859 
  270   405   5.947 
  270   406   6.122 
  270   407   5.501 
  270   408   4.807 
  270   409   4.360 
  270   410   4.624 
  270   411   4.327 
  270   412   4.672 
  270   413   5.078 
  270   414   5.153 
  271   409   7.306 
  271   410   6.983 
  271   411   7.235 
  271   412   7.898 
  272   410   7.995 
  272   411   7.309 
  272   412   7.691 
  273   408   7.074 
  273   409   5.665 
  273   410   5.438 
  273   411   4.904 
  273   412   5.647 
  273   413   6.945 
  273   414   7.602 
  274   410   7.607 
  339   393   6.567 
  340   384   7.013 
  340   386   6.136 
  340   387   7.165 
  340   388   6.093 
  340   389   5.683 
  340   390   7.347 
  340   391   6.611 
  340   392   4.422 
  340   393   3.134 
  340   394   5.614 
  340   395   5.110 
  340   396   4.649 
  340   397   6.048 
  340   398   6.428 
  340   399   6.048 
  340   400   7.928 
  340   404   7.327 
  340   405   7.505 
  340   406   7.655 
  340   414   7.947 
  341   388   7.021 
  341   389   7.253 
  341   390   7.765 
  341   391   7.717 
  341   392   4.337 
  341   393   4.053 
  341   394   5.088 
  341   395   5.541 
  341   396   3.502 
  341   397   4.334 
  341   398   4.466 
  341   399   3.466 
  341   400   5.702 
  341   401   6.451 
  341   402   5.430 
  341   403   6.660 
  341   404   4.339 
  341   405   4.021 
  341   406   4.032 
  341   407   4.422 
  341   408   4.653 
  341   409   5.569 
  341   410   6.265 
  341   411   6.052 
  341   412   5.831 
  341   413   5.080 
  341   414   4.407 
  342   392   6.619 
  342   393   6.528 
  342   394   7.753 
  342   395   7.063 
  342   396   5.341 
  342   397   5.769 
  342   398   4.840 
  342   399   3.744 
  342   400   5.739 
  342   401   5.613 
  342   402   5.607 
  342   403   6.375 
  342   404   4.156 
  342   405   4.371 
  342   406   5.374 
  342   407   5.810 
  342   408   5.192 
  342   409   5.708 
  342   410   6.859 
  342   411   5.323 
  342   412   4.403 
  342   413   3.737 
  342   414   4.161 
  343   399   7.194 
  343   404   7.673 
  343   405   7.428 
  343   408   7.296 
  343   409   7.193 
  343   410   7.898 
  343   411   6.693 
  343   412   6.294 
  343   413   6.376 
  343   414   6.875 
  344   399   7.699 
  344   404   7.660 
  344   405   6.736 
  344   406   7.034 
  344   407   6.338 
  344   408   5.457 
  344   409   4.714 
  344   410   4.902 
  344   411   4.354 
  344   412   4.751 
  344   413   5.436 
  344   414   5.778 
  345   405   7.790 
  345   407   7.972 
  345   408   6.691 
  345   409   5.699 
  345   410   6.214 
  345   411   4.524 
  345   412   4.434 
  345   413   5.517 
  345   414   6.563 
  346   411   7.991 
  366   392   7.750 
  366   393   6.476 
  367   388   7.814 
  367   389   6.999 
  367   392   6.071 
  367   393   5.219 
  367   394   5.781 
  367   395   7.433 
  367   396   6.972 
  367   397   7.980 
