    1   135   7.660 
    1   136   6.966 
    1   137   5.904 
    1   138   7.224 
    1   139   7.645 
    2    17   7.512 
    2    18   7.463 
    2    19   7.540 
    2   137   6.463 
    2   139   7.096 
    3    17   7.125 
    3    18   7.348 
    3   137   7.296 
    3   138   7.619 
    3   139   4.961 
    3   140   4.994 
    3   141   6.880 
    3   378   7.317 
    3   381   5.498 
    3   382   7.293 
    4    15   7.005 
    4    16   6.040 
    4    17   4.883 
    4    18   6.927 
    4   125   7.088 
    4   129   7.561 
    4   137   7.581 
    4   139   6.581 
    4   140   4.775 
    4   141   6.221 
    4   377   7.761 
    4   378   5.798 
    4   381   6.827 
    5    15   5.664 
    5    16   5.082 
    5    17   5.933 
    5    18   7.821 
    5   140   5.774 
    5   141   4.799 
    5   142   6.208 
    5   374   5.652 
    5   375   6.781 
    5   376   7.429 
    5   377   4.382 
    5   378   4.014 
    5   379   7.673 
    5   380   7.761 
    5   381   6.644 
    6    13   7.534 
    6    14   5.983 
    6    15   4.557 
    6    16   6.484 
    6   121   7.761 
    6   124   7.349 
    6   125   7.832 
    6   140   6.906 
    6   141   6.058 
    6   142   4.905 
    6   143   6.434 
    6   374   5.446 
    6   377   6.275 
    6   378   7.448 
    7    13   5.515 
    7    14   4.998 
    7    15   6.122 
    7   142   6.107 
    7   143   5.163 
    7   144   7.896 
    7   373   6.100 
    7   374   4.625 
    7   377   7.023 
    8    12   7.374 
    8    13   5.004 
    8    14   6.790 
    8    38   7.885 
    8   120   7.979 
    8   121   7.430 
    8   142   6.693 
    8   143   5.929 
    8   144   7.192 
    9    12   5.139 
    9    13   4.908 
    9    14   7.752 
    9    38   6.858 
    9    70   7.127 
    9   198   7.857 
    9   199   7.668 
   10    13   7.715 
   10    38   6.613 
   10    67   7.824 
   10    68   5.182 
   10    69   6.902 
   10    70   5.145 
   10    71   6.912 
   10   198   7.429 
   10   199   5.578 
   10   200   5.303 
   10   201   7.650 
   11    37   5.868 
   11    38   5.371 
   11    39   7.670 
   11    67   7.448 
   11    68   6.299 
   11   198   7.841 
   11   199   5.371 
   11   200   7.227 
   12    35   6.145 
   12    36   5.230 
   12    37   4.182 
   12    38   5.009 
   13    35   5.561 
   13    36   5.011 
   13    37   6.067 
   13    38   5.906 
   13   120   7.911 
   14    26   7.414 
   14    27   7.969 
   14    34   6.734 
   14    35   4.848 
   14    36   6.299 
   14   124   7.512 
   14   371   6.902 
   14   374   5.757 
   15    26   5.861 
   15    27   6.108 
   15    34   7.989 
   15    35   7.695 
   15   124   6.270 
   15   125   6.700 
   15   129   7.511 
   15   374   5.569 
   15   375   7.641 
   16    24   6.595 
   16    25   5.325 
   16    26   4.185 
   16    27   5.864 
   16   374   5.517 
   16   375   5.453 
   16   377   7.542 
   16   378   5.596 
   17    20   6.595 
   17    24   5.812 
   17    25   5.478 
   17    26   6.545 
   17    27   7.520 
   17   129   7.691 
   17   375   7.420 
   17   378   5.291 
   18    21   6.475 
   18    22   6.943 
   18    23   6.447 
   18    24   4.805 
   18    25   6.666 
   18   378   5.214 
   18   379   6.332 
   18   381   7.257 
   18   382   6.261 
   19    22   6.340 
   19    23   6.375 
   19    24   6.415 
   19    25   7.695 
   20    23   5.058 
   20    24   5.659 
   20    25   6.511 
   21    24   7.781 
   21   387   7.094 
   22   387   7.036 
   22   388   6.675 
   24   375   5.966 
   24   378   6.595 
   24   379   6.974 
   25   375   6.998 
   26    34   6.503 
   26   371   7.309 
   26   374   7.403 
   26   375   6.770 
   27    34   5.828 
   27   128   7.421 
   27   129   6.872 
   27   132   7.509 
   28    31   7.616 
   28    32   5.200 
   28    33   4.844 
   28    34   4.320 
   28    35   7.129 
   28   128   7.453 
   29    32   5.233 
   29    33   5.384 
   29    34   6.337 
   29    35   7.332 
   29    36   7.224 
   29   124   7.809 
   29   128   5.473 
   30    33   7.453 
   30   128   6.814 
   31    52   7.775 
   33    36   6.868 
   35   370   7.971 
   36    51   5.380 
   36    52   7.170 
   37    50   7.624 
   37    51   4.529 
   37    52   6.355 
   37    55   7.658 
   38    50   7.129 
   38    51   5.857 
   38    67   6.421 
   38    68   7.422 
   38   117   7.967 
   38   120   6.076 
   39    50   5.657 
   39    51   5.096 
   39    52   7.673 
   39    54   6.026 
   39    55   6.408 
   39    65   7.104 
   39    66   5.750 
   39    67   4.842 
   39    68   7.715 
   39   120   7.481 
   40    48   6.998 
   40    49   5.754 
   40    50   4.755 
   40    51   6.721 
   40    54   5.838 
   40    65   5.714 
   40    66   4.968 
   40    67   6.579 
   40   116   7.069 
   40   119   7.006 
   40   120   7.144 
   41    48   5.735 
   41    49   4.949 
   41    50   6.503 
   41    54   5.079 
   41    58   7.453 
   41    61   7.873 
   41    64   5.655 
   41    65   4.113 
   41    66   5.988 
   42    46   6.858 
   42    47   6.128 
   42    48   4.938 
   42    49   6.542 
   42    64   5.400 
   42    65   6.425 
   42   106   7.594 
   43    46   5.586 
   43    47   5.365 
   43    48   6.329 
   43    49   7.487 
   43    61   7.676 
   43    64   7.261 
   44    47   7.589 
   49    53   5.828 
   49    54   4.849 
   50    53   6.284 
   50    54   5.285 
   50    55   7.995 
   50   119   7.074 
   50   120   6.347 
   50   123   6.883 
   51    54   5.367 
   51    55   6.140 
   51   120   7.812 
   52    55   4.739 
   52    56   6.296 
   53    56   5.491 
   53    57   6.903 
   54    57   5.726 
   54    58   6.384 
   54    65   6.883 
   55    58   5.641 
   56    59   7.445 
   57    60   5.538 
   57    61   6.216 
   58    61   4.865 
   58    62   5.117 
   58    64   7.940 
   58    65   5.581 
   58   262   7.402 
   59    62   5.550 
   59   258   5.773 
   59   262   5.880 
   59   263   7.280 
   60   258   7.879 
   61    64   5.742 
   61    65   6.140 
   62    65   5.456 
   62    90   6.835 
   62    91   4.824 
   62    92   6.354 
   62   257   7.562 
   62   258   7.562 
   62   262   7.700 
   63    66   7.944 
   63    90   6.180 
   63    91   4.971 
   63    92   3.935 
   63    93   6.841 
   63   106   7.173 
   64    91   7.754 
   64    92   5.646 
   64   106   5.633 
   64   107   6.986 
   65    91   7.443 
   65    92   6.476 
   66    69   6.990 
   66    92   6.380 
   66   116   7.993 
   68    71   5.572 
   68    72   7.442 
   68   200   7.359 
   69    72   5.164 
   69    73   6.101 
   69   113   6.299 
   69   116   7.467 
   69   117   6.874 
   70    73   5.165 
   70   113   7.792 
   70   117   7.490 
   70   200   7.597 
   71   200   6.548 
   71   227   7.513 
   72    75   5.641 
   72    82   6.590 
   72   102   6.489 
   72   103   7.719 
   72   113   6.862 
   73   102   7.534 
   73   113   5.201 
   73   114   6.773 
   73   151   7.874 
   73   152   5.487 
   73   155   6.215 
   73   156   7.396 
   74   101   7.370 
   74   102   7.525 
   74   113   7.625 
   74   151   4.553 
   74   152   3.958 
   74   153   7.784 
   74   154   7.154 
   74   155   5.536 
   74   156   7.973 
   74   503   6.060 
   74   504   5.898 
   74   505   7.567 
   75    79   7.070 
   75    82   7.524 
   75   101   5.991 
   75   102   5.714 
   75   151   7.056 
   75   152   6.735 
   75   504   7.537 
   75   505   7.583 
   76    79   5.377 
   76    82   7.209 
   76    96   7.744 
   76   100   5.910 
   76   101   4.223 
   76   102   4.762 
   77    82   5.923 
   77    83   6.730 
   77    94   7.846 
   77    95   6.592 
   77    96   5.182 
   77    97   7.773 
   77   100   5.886 
   77   101   5.232 
   77   102   3.977 
   77   103   7.339 
   78    82   6.704 
   78    83   6.023 
   78   100   7.585 
   78   102   7.807 
   79    82   5.329 
   79    83   6.112 
   80    83   5.179 
   80    84   6.274 
   81    84   5.364 
   81    85   6.387 
   82    85   4.991 
   82    86   6.260 
   82   102   7.308 
   83    86   5.221 
   83    87   7.388 
   84    87   6.106 
   84    88   6.812 
   85    88   4.949 
   85    89   5.533 
   86    89   5.766 
   86    90   7.476 
   86    93   6.998 
   86    94   5.524 
   87    90   7.098 
   88    91   7.715 
   89    92   6.331 
   89    93   7.542 
   90    93   6.088 
   90   257   7.439 
   91   257   6.719 
   91   262   7.939 
   92   104   7.254 
   92   105   7.251 
   92   106   7.243 
   93   104   5.496 
   93   105   5.325 
   93   106   7.295 
   94   102   6.815 
   94   103   5.890 
   94   104   4.410 
   94   105   6.310 
   95   102   5.941 
   95   103   5.245 
   95   104   5.438 
   95   105   6.603 
   95   110   7.867 
   96    99   7.703 
   96   100   5.225 
   96   101   5.704 
   96   102   5.157 
   96   103   5.832 
   96   104   7.980 
   97   100   5.032 
   97   101   5.094 
   97   102   6.185 
   97   103   5.770 
   97   110   7.591 
   97   112   7.953 
   98   101   7.410 
  102   112   7.570 
  102   113   7.836 
  103   110   6.735 
  103   111   5.643 
  103   112   4.834 
  103   113   6.024 
  104   110   5.855 
  104   111   5.328 
  104   112   6.626 
  104   113   7.321 
  105   108   5.976 
  105   109   5.379 
  105   110   4.490 
  105   111   5.950 
  106   109   5.210 
  106   110   6.510 
  106   111   7.190 
  111   115   6.822 
  111   116   7.450 
  112   115   5.563 
  112   116   6.892 
  113   116   5.174 
  113   117   6.103 
  113   155   7.512 
  113   159   7.835 
  114   117   5.100 
  114   118   5.825 
  114   155   5.638 
  114   156   6.498 
  114   158   6.228 
  114   159   4.203 
  114   162   7.346 
  115   118   4.926 
  115   119   6.756 
  115   159   5.916 
  115   162   6.380 
  115   163   7.876 
  116   119   5.317 
  116   120   7.198 
  116   159   7.844 
  117   120   5.230 
  117   121   6.308 
  117   156   7.918 
  117   159   5.992 
  118   121   4.766 
  118   122   5.923 
  118   159   4.764 
  118   160   6.177 
  118   161   7.990 
  118   162   5.853 
  118   163   4.772 
  119   122   5.126 
  119   123   6.421 
  119   163   6.834 
  120   123   5.212 
  120   124   6.382 
  121   124   5.029 
  121   125   7.013 
  121   126   6.295 
  121   159   7.639 
  121   160   6.777 
  121   163   6.104 
  122   125   6.332 
  122   126   4.651 
  122   127   6.137 
  122   163   5.279 
  122   164   7.726 
  123   126   5.612 
  123   127   5.278 
  123   128   6.169 
  124   127   5.521 
  124   128   5.146 
  124   129   6.542 
  125   128   4.464 
  125   129   3.967 
  125   130   5.817 
  125   137   7.097 
  126   129   5.775 
  126   130   6.167 
  126   137   6.455 
  126   138   7.895 
  126   163   7.935 
  126   165   7.948 
  127   130   4.822 
  127   131   5.877 
  128   131   5.038 
  128   132   6.324 
  129   132   5.001 
  129   133   5.806 
  129   137   7.388 
  130   133   4.975 
  130   134   5.441 
  130   135   5.473 
  130   136   5.513 
  130   137   5.987 
  131   134   5.456 
  131   135   7.598 
  133   136   7.875 
  137   165   7.887 
  138   164   6.756 
  138   165   4.957 
  138   166   6.058 
  139   165   5.268 
  139   166   4.754 
  139   167   6.052 
  139   168   6.503 
  140   165   6.245 
  140   166   6.209 
  140   167   5.191 
  140   168   5.868 
  140   169   7.245 
  140   381   7.279 
  141   167   5.904 
  141   168   5.626 
  141   169   4.818 
  141   170   6.011 
  141   171   6.991 
  141   377   5.716 
  141   378   6.991 
  141   380   7.184 
  141   381   5.959 
  142   156   7.907 
  142   157   7.726 
  142   160   7.658 
  142   167   6.966 
  142   169   6.508 
  142   170   5.124 
  142   171   6.263 
  142   377   6.704 
  143   170   5.684 
  143   171   4.851 
  143   172   5.755 
  143   173   5.542 
  143   176   7.711 
  143   373   7.617 
  143   374   7.768 
  143   377   6.662 
  144   148   6.700 
  144   153   6.113 
  144   156   7.538 
  144   170   6.743 
  144   171   6.155 
  144   172   5.154 
  144   173   5.535 
  145   148   5.329 
  145   172   5.549 
  145   173   5.176 
  145   174   7.601 
  145   201   6.746 
  145   202   7.632 
  145   203   6.535 
  145   227   6.953 
  145   508   7.633 
  146   172   4.712 
  146   173   5.914 
  146   174   6.734 
  146   175   7.979 
  146   203   6.036 
  146   204   7.946 
  146   205   7.836 
  146   223   6.911 
  146   224   7.366 
  146   225   7.515 
  146   396   7.970 
  146   398   7.775 
  146   508   7.678 
  147   203   6.726 
  147   223   7.420 
  147   224   6.306 
  147   225   5.970 
  147   226   7.151 
  147   227   6.649 
  147   397   7.683 
  147   398   5.909 
  147   506   7.574 
  147   507   5.764 
  147   508   4.743 
  147   511   7.047 
  148   152   5.621 
  148   153   6.069 
  148   227   6.663 
  148   502   7.726 
  148   503   6.042 
  148   504   6.859 
  148   505   7.368 
  148   506   6.319 
  148   507   4.896 
  148   508   6.199 
  149   152   5.738 
  149   153   6.552 
  149   397   7.894 
  149   398   7.601 
  149   502   6.493 
  149   503   5.032 
  149   504   4.104 
  149   505   4.263 
  149   506   4.863 
  149   507   6.012 
  150   153   5.981 
  150   154   6.041 
  150   454   6.861 
  150   482   7.375 
  150   483   6.762 
  150   484   6.850 
  150   500   5.828 
  150   501   5.318 
  150   502   4.057 
  150   503   3.826 
  150   504   3.004 
  150   505   5.218 
  151   154   4.591 
  151   155   5.685 
  151   454   7.041 
  151   500   6.693 
  151   501   6.035 
  151   502   6.286 
  151   503   3.464 
  151   504   2.596 
  151   505   5.604 
  152   155   5.472 
  152   156   6.319 
  152   502   6.825 
  152   503   3.092 
  152   504   4.539 
  152   505   6.750 
  152   506   7.711 
  152   507   7.454 
  153   156   4.807 
  153   157   6.184 
  153   170   7.079 
  153   482   7.232 
  153   483   7.807 
  153   501   6.076 
  153   502   3.832 
  153   503   2.858 
  153   504   6.411 
  154   157   5.094 
  154   158   5.962 
  154   483   7.238 
  154   500   6.453 
  154   501   3.481 
  154   502   4.441 
  154   503   3.738 
  154   504   6.280 
  155   158   4.835 
  155   159   5.887 
  155   501   7.056 
  155   502   7.714 
  155   503   5.551 
  155   504   7.840 
  156   159   4.968 
  156   160   6.472 
  156   502   7.749 
  156   503   6.395 
  157   160   5.058 
  157   161   6.484 
  157   167   6.433 
  157   170   7.073 
  157   501   6.869 
  157   502   7.334 
  157   503   7.784 
  158   161   5.086 
  158   162   6.129 
  159   162   5.034 
  159   163   6.274 
  160   163   5.165 
  160   164   6.577 
  160   165   5.214 
  160   166   6.781 
  160   167   6.137 
  161   164   5.076 
  161   165   5.021 
  161   166   5.973 
  161   167   6.932 
  162   165   7.310 
  167   170   7.067 
  168   381   7.599 
  168   481   7.782 
  169   380   7.934 
  169   381   7.615 
  169   480   7.316 
  169   481   4.910 
  170   480   7.803 
  170   481   4.476 
  170   482   6.716 
  170   502   7.654 
  171   175   7.107 
  171   176   6.568 
  171   377   6.806 
  171   380   7.956 
  171   481   6.348 
  172   175   5.348 
  172   176   6.219 
  173   176   5.079 
  173   177   6.460 
  173   373   6.028 
  174   177   4.970 
  174   178   6.161 
  174   194   5.912 
  174   195   7.567 
  174   196   6.676 
  174   203   7.072 
  174   204   7.250 
  174   205   6.257 
  174   342   7.984 
  174   373   7.303 
  175   178   5.104 
  175   179   6.341 
  175   205   7.648 
  175   207   7.757 
  175   220   7.416 
  175   376   7.754 
  175   395   7.324 
  176   179   5.079 
  176   180   6.392 
  176   372   7.326 
  176   373   5.165 
  176   374   7.474 
  176   375   7.513 
  176   376   4.101 
  176   377   5.534 
  176   379   7.974 
  176   380   7.467 
  177   180   5.023 
  177   181   6.174 
  177   194   7.724 
  177   342   7.457 
  177   372   4.900 
  177   373   4.687 
  177   375   7.613 
  177   376   5.427 
  178   181   4.934 
  178   182   5.756 
  178   194   7.426 
  178   207   7.657 
  178   218   7.952 
  178   376   7.222 
  179   182   5.066 
  179   183   6.040 
  179   218   7.731 
  179   376   5.098 
  179   379   6.715 
  179   380   7.592 
  180   183   5.390 
  180   372   5.556 
  180   373   7.100 
  180   375   5.840 
  180   376   4.534 
  180   379   7.034 
  181   184   6.795 
  181   185   5.974 
  181   186   7.883 
  181   367   6.990 
  181   372   7.373 
  182   185   5.085 
  182   186   5.948 
  182   187   6.752 
  182   209   7.320 
  184   187   7.576 
  186   189   7.073 
  186   190   6.745 
  186   209   7.799 
  187   190   7.186 
  187   209   7.235 
  187   210   6.927 
  187   211   5.849 
  187   216   7.786 
  188   209   7.363 
  188   210   6.630 
  188   211   6.940 
  189   208   7.193 
  189   209   5.294 
  189   210   3.616 
  189   211   5.563 
  190   208   5.806 
  190   209   5.156 
  190   210   6.172 
  190   336   7.952 
  190   337   5.988 
  190   338   7.591 
  191   206   7.145 
  191   207   5.785 
  191   208   4.315 
  191   209   6.134 
  191   335   7.163 
  191   336   5.457 
  191   337   5.418 
  191   338   6.800 
  192   206   5.787 
  192   207   5.314 
  192   208   6.237 
  192   209   7.648 
  192   336   5.676 
  192   337   5.796 
  192   338   4.791 
  192   339   5.834 
  192   340   7.262 
  193   204   6.866 
  193   205   5.716 
  193   206   4.603 
  193   207   6.396 
  193   336   6.801 
  193   338   6.462 
  193   339   4.931 
  193   340   6.116 
  194   203   7.790 
  194   204   5.523 
  194   205   5.221 
  194   206   6.448 
  194   207   7.690 
  194   339   6.147 
  194   340   4.895 
  194   341   6.167 
  194   342   7.232 
  195   202   7.693 
  195   203   6.159 
  195   204   4.778 
  195   205   6.918 
  195   339   7.402 
  195   340   6.072 
  195   341   5.053 
  195   342   6.113 
  196   202   5.590 
  196   203   5.062 
  196   204   6.241 
  196   341   6.013 
  196   342   4.488 
  196   343   5.538 
  196   346   7.637 
  197   200   7.746 
  197   201   6.316 
  197   202   4.521 
  197   203   6.617 
  197   228   7.955 
  197   229   6.038 
  197   230   7.583 
  197   341   7.955 
  197   342   6.409 
  197   343   5.050 
  197   344   7.191 
  197   345   5.709 
  197   346   6.067 
  198   201   5.664 
  198   202   6.346 
  198   229   5.397 
  198   230   6.074 
  198   342   7.523 
  198   343   4.479 
  198   344   5.857 
  198   345   5.558 
  198   346   7.684 
  199   229   4.679 
  199   230   4.066 
  199   231   5.509 
  199   343   7.624 
  199   344   7.344 
  199   345   6.779 
  200   227   6.581 
  200   228   5.636 
  200   229   4.054 
  200   230   5.979 
  200   231   6.081 
  200   232   7.719 
  201   225   7.822 
  201   226   5.645 
  201   227   3.914 
  201   228   5.000 
  201   229   5.089 
  201   508   6.578 
  202   225   5.287 
  202   226   4.608 
  202   227   5.810 
  202   228   5.711 
  202   229   6.166 
  202   318   7.064 
  202   508   6.518 
  202   509   7.902 
  203   223   7.297 
  203   224   5.937 
  203   225   4.213 
  203   226   6.188 
  203   227   7.584 
  203   508   6.898 
  204   223   5.622 
  204   224   5.275 
  204   225   5.675 
  204   321   7.124 
  204   322   6.398 
  204   325   7.259 
  205   220   6.819 
  205   221   7.572 
  205   222   5.819 
  205   223   4.170 
  205   224   6.395 
  205   325   7.008 
  206   220   5.900 
  206   221   5.512 
  206   222   5.379 
  206   223   6.290 
  206   325   6.961 
  206   326   7.457 
  206   329   7.061 
  207   218   6.731 
  207   219   5.547 
  207   220   4.282 
  207   221   5.540 
  207   222   7.331 
  208   217   7.757 
  208   218   5.875 
  208   219   5.210 
  208   220   6.355 
  208   221   6.890 
  209   216   6.676 
  209   217   5.670 
  209   218   4.710 
  209   219   6.552 
  210   216   5.754 
  210   217   5.429 
  210   218   6.887 
  211   214   5.983 
  211   215   5.382 
  211   216   4.247 
  211   217   6.273 
  212   215   5.306 
  212   216   6.537 
  214   390   6.663 
  215   390   4.732 
  215   391   5.302 
  215   392   7.259 
  216   390   6.545 
  216   391   4.595 
  216   392   6.042 
  217   391   5.828 
  217   392   4.544 
  217   393   5.519 
  217   394   7.779 
  218   391   7.752 
  218   392   6.181 
  218   393   4.577 
  218   394   6.274 
  219   393   5.604 
  219   394   4.578 
  219   395   6.188 
  220   223   7.200 
  220   394   6.122 
  220   395   5.073 
  220   396   6.807 
  220   419   7.234 
  221   328   7.679 
  221   329   5.060 
  221   395   7.999 
  221   419   7.900 
  222   325   5.277 
  222   326   7.355 
  222   328   5.849 
  222   329   5.054 
  222   396   7.157 
  222   417   6.076 
  223   325   5.583 
  223   396   6.983 
  223   398   6.677 
  223   417   6.936 
  224   321   5.660 
  224   322   7.258 
  224   324   7.304 
  224   325   5.714 
  224   398   6.752 
  224   508   7.107 
  224   511   7.696 
  224   512   7.001 
  225   318   7.323 
  225   321   5.859 
  225   508   4.460 
  225   509   6.154 
  225   511   7.069 
  225   512   6.118 
  226   318   7.430 
  226   507   6.298 
  226   508   3.073 
  226   509   3.371 
  226   510   6.628 
  226   511   7.017 
  226   512   6.421 
  227   507   4.276 
  227   508   3.453 
  227   509   5.281 
  227   510   7.206 
  228   231   7.858 
  228   232   6.446 
  228   314   7.575 
  228   508   7.585 
  228   509   6.413 
  229   232   5.543 
  229   233   6.830 
  229   345   7.434 
  230   233   4.854 
  230   234   6.200 
  230   345   5.820 
  231   234   4.996 
  231   235   6.093 
  232   235   4.893 
  232   236   6.463 
  232   314   7.783 
  233   236   5.427 
  233   237   6.728 
  233   311   5.908 
  233   314   7.438 
  234   237   5.325 
  234   238   6.128 
  234   265   7.016 
  234   268   5.910 
  234   269   5.633 
  234   272   7.105 
  235   238   4.889 
  235   239   6.186 
  235   265   7.888 
  236   239   5.231 
  236   240   6.358 
  236   310   6.073 
  236   311   6.590 
  237   240   5.068 
  237   241   6.233 
  237   268   6.092 
  237   272   7.916 
  237   307   7.027 
  237   310   6.823 
  238   241   5.195 
  238   242   6.448 
  238   264   7.217 
  238   265   6.526 
  238   268   5.992 
  239   242   5.365 
  239   243   6.202 
  240   243   5.179 
  240   244   6.182 
  241   244   5.120 
  241   245   6.021 
  241   300   7.716 
  242   245   4.969 
  242   246   5.874 
  242   252   6.732 
  242   253   6.328 
  242   254   7.440 
  243   246   4.991 
  243   247   6.423 
  244   247   5.116 
  244   248   6.191 
  245   248   5.162 
  245   249   5.681 
  245   250   7.035 
  245   251   6.626 
  245   252   7.459 
  245   253   7.660 
  245   297   7.041 
  246   249   5.753 
  246   250   4.702 
  246   251   4.792 
  246   252   5.501 
  246   253   7.636 
  247   250   5.511 
  247   251   7.685 
  252   255   6.769 
  253   256   5.875 
  253   259   7.063 
  253   260   6.898 
  254   257   6.887 
  254   259   7.633 
  254   260   5.761 
  255   260   7.991 
  256   259   5.402 
  256   260   6.067 
  256   289   7.939 
  257   260   5.048 
  257   261   6.872 
  257   262   6.384 
  258   261   6.822 
  258   262   5.086 
  258   263   6.449 
  259   262   5.449 
  259   263   5.238 
  259   264   5.885 
  259   288   5.681 
  259   289   6.563 
  260   263   6.003 
  260   264   5.031 
  260   265   6.343 
  261   264   4.596 
  261   265   3.890 
  261   266   6.060 
  261   267   7.924 
  262   265   5.690 
  262   266   6.361 
  263   266   5.204 
  263   267   5.977 
  263   288   7.948 
  264   267   4.617 
  264   268   5.952 
  264   285   7.770 
  265   268   4.828 
  265   269   5.954 
  266   269   5.260 
  266   270   6.168 
  267   270   5.111 
  267   271   6.145 
  267   283   6.200 
  267   284   7.768 
  267   285   7.683 
  268   271   5.127 
  268   272   5.953 
  268   283   7.030 
  269   272   4.961 
  269   273   6.193 
  270   273   5.248 
  270   274   6.007 
  271   274   4.891 
  271   275   6.078 
  271   281   6.466 
  271   282   7.113 
  271   283   6.129 
  271   302   7.906 
  272   275   5.225 
  272   276   6.946 
  272   307   7.377 
  273   276   5.405 
  273   277   7.799 
  273   348   7.907 
  274   277   6.010 
  274   278   5.981 
  274   281   6.959 
  275   278   4.758 
  275   279   6.089 
  275   280   6.259 
  275   281   6.715 
  275   303   7.376 
  275   304   5.473 
  275   307   7.935 
  276   279   7.946 
  276   304   7.622 
  276   347   6.849 
  276   348   5.135 
  276   349   6.167 
  278   281   6.985 
  278   304   7.288 
  279   303   5.810 
  279   304   5.092 
  279   305   7.874 
  280   301   7.260 
  280   302   5.672 
  280   303   4.142 
  280   304   5.646 
  281   301   6.002 
  281   302   5.424 
  281   303   6.407 
  282   298   6.899 
  282   299   7.046 
  282   300   5.613 
  282   301   4.477 
  282   302   5.856 
  283   297   7.725 
  283   298   5.357 
  283   299   6.788 
  283   300   5.559 
  283   301   6.536 
  283   302   7.307 
  284   297   6.633 
  284   298   4.153 
  284   299   5.881 
  284   300   7.045 
  285   288   5.846 
  285   297   5.348 
  285   298   4.965 
  285   299   7.325 
  286   296   6.922 
  286   297   6.517 
  286   298   6.842 
  287   290   7.197 
  287   295   5.434 
  287   296   5.242 
  287   297   7.977 
  288   295   7.300 
  288   296   5.771 
  288   297   6.464 
  289   295   5.727 
  289   296   5.493 
  290   293   6.997 
  290   294   4.922 
  290   295   4.034 
  290   296   5.504 
  291   294   5.641 
  291   295   6.760 
  291   296   7.203 
  297   300   6.622 
  298   301   7.656 
  302   306   6.328 
  302   307   7.189 
  303   306   5.021 
  303   307   6.508 
  304   307   5.163 
  304   308   6.124 
  305   308   4.974 
  305   309   6.027 
  306   309   5.113 
  306   310   6.286 
  307   310   4.947 
  307   311   6.330 
  308   311   5.385 
  308   312   5.551 
  308   350   7.009 
  309   312   5.448 
  310   313   7.722 
  311   314   5.282 
  311   315   6.463 
  312   315   5.085 
  312   316   6.231 
  313   316   4.909 
  313   317   6.269 
  314   317   5.164 
  314   318   6.835 
  315   318   5.362 
  315   319   7.041 
  315   351   6.509 
  315   354   7.845 
  316   319   5.170 
  316   320   7.082 
  317   320   5.822 
  317   321   7.737 
  318   321   6.181 
  318   322   7.165 
  319   322   5.246 
  319   323   6.868 
  319   355   7.720 
  319   358   7.907 
  320   323   5.328 
  320   324   6.741 
  321   324   4.975 
  321   325   5.973 
  321   512   6.642 
  322   325   5.239 
  322   326   6.167 
  323   326   5.179 
  323   327   6.267 
  324   327   4.945 
  324   328   6.046 
  325   328   5.039 
  325   329   6.030 
  326   329   5.183 
  326   330   6.115 
  326   331   5.287 
  326   332   6.335 
  326   333   7.382 
  327   330   5.098 
  327   331   6.276 
  327   332   7.689 
  328   331   7.631 
  328   417   7.856 
  331   335   6.100 
  332   335   5.374 
  332   336   7.518 
  333   336   5.775 
  333   358   7.940 
  333   359   5.495 
  333   360   7.741 
  334   337   7.693 
  334   359   7.330 
  336   339   7.261 
  336   359   7.720 
  338   363   6.788 
  338   364   7.019 
  339   359   7.814 
  339   361   7.550 
  339   362   7.125 
  339   363   4.602 
  339   364   6.267 
  340   363   5.461 
  340   364   5.693 
  340   367   7.291 
  341   346   6.364 
  341   363   6.597 
  341   364   7.388 
  341   367   7.542 
  341   369   6.421 
  342   346   6.627 
  342   367   7.804 
  342   368   7.432 
  342   369   4.180 
  342   370   6.882 
  342   372   7.382 
  343   346   5.737 
  343   347   7.715 
  343   369   4.959 
  343   370   5.725 
  344   347   5.720 
  344   369   6.265 
  344   370   6.216 
  345   348   6.061 
  345   351   7.926 
  346   349   7.683 
  346   351   5.710 
  346   352   6.243 
  346   369   7.932 
  347   351   7.332 
  347   352   7.050 
  348   351   5.368 
  348   352   6.456 
  349   352   5.247 
  349   353   6.128 
  350   353   4.935 
  350   354   5.993 
  351   354   5.201 
  351   355   6.133 
  352   355   5.248 
  352   356   6.019 
  352   363   7.475 
  353   356   5.047 
  353   357   6.091 
  354   357   5.336 
  354   358   6.233 
  355   358   5.163 
  355   359   6.422 
  355   363   7.834 
  356   359   5.501 
  356   360   5.554 
  356   361   5.217 
  356   362   5.158 
  356   363   6.351 
  357   360   4.707 
  357   361   6.733 
  358   361   7.894 
  364   367   6.744 
  367   372   6.731 
  368   371   5.555 
  368   372   5.593 
  369   372   5.977 
  370   373   7.280 
  371   374   5.492 
  371   375   6.132 
  372   375   5.210 
  372   376   5.983 
  373   376   4.902 
  373   377   6.168 
  374   377   5.013 
  374   378   6.314 
  375   378   5.008 
  375   379   6.288 
  376   379   4.936 
  376   380   6.238 
  377   380   5.119 
  377   381   6.433 
  378   381   5.092 
  378   382   6.466 
  379   382   5.105 
  379   383   6.377 
  379   388   7.276 
  380   383   5.007 
  380   384   6.453 
  381   384   5.142 
  381   385   6.566 
  382   385   5.175 
  382   386   5.880 
  382   387   4.973 
  382   388   5.170 
  383   386   5.301 
  383   387   6.259 
  383   388   4.822 
  383   389   6.543 
  383   391   7.420 
  384   387   7.748 
  384   388   7.951 
  385   388   7.690 
  386   389   5.903 
  388   391   7.414 
  394   419   6.046 
  394   420   6.426 
  394   421   7.673 
  395   419   4.975 
  395   420   5.155 
  395   421   7.442 
  395   480   7.686 
  396   417   5.218 
  396   418   5.246 
  396   419   4.019 
  396   420   5.107 
  397   400   7.600 
  397   416   6.130 
  397   417   5.186 
  397   418   5.709 
  397   419   6.515 
  397   420   6.618 
  397   482   7.651 
  398   416   5.228 
  398   417   4.851 
  398   418   7.525 
  398   511   7.351 
  399   415   6.903 
  399   416   3.979 
  399   417   6.283 
  399   442   6.275 
  399   443   5.364 
  399   444   6.720 
  399   511   7.064 
  400   412   6.273 
  400   413   7.510 
  400   414   5.554 
  400   415   4.385 
  400   416   4.091 
  400   417   7.608 
  400   442   5.769 
  400   443   5.269 
  400   444   5.962 
  401   412   5.627 
  401   413   5.902 
  401   414   5.164 
  401   415   6.565 
  401   416   7.437 
  401   440   7.391 
  401   441   5.626 
  401   442   4.617 
  401   443   6.525 
  402   410   6.557 
  402   411   5.470 
  402   412   4.128 
  402   413   4.689 
  402   414   6.522 
  402   440   5.902 
  402   441   5.388 
  402   442   6.742 
  403   410   5.655 
  403   411   5.502 
  403   412   6.661 
  403   413   7.595 
  403   439   6.409 
  403   440   4.692 
  403   441   5.545 
  403   448   7.990 
  404   408   6.057 
  404   409   5.455 
  404   410   4.623 
  404   411   6.101 
  404   439   7.042 
  404   440   6.883 
  404   441   7.147 
  404   448   5.780 
  404   648   7.562 
  405   408   5.956 
  405   409   5.252 
  405   410   6.188 
  405   411   6.304 
  405   646   6.880 
  405   647   5.739 
  405   648   5.069 
  405   649   7.045 
  406   409   6.572 
  406   430   6.322 
  406   536   7.311 
  406   646   7.744 
  406   647   5.545 
  406   648   5.203 
  406   649   5.700 
  407   532   5.671 
  407   535   7.462 
  407   536   6.774 
  408   447   6.013 
  408   448   5.343 
  408   449   7.193 
  408   532   7.897 
  409   446   5.666 
  409   447   4.891 
  409   448   4.913 
  409   529   7.333 
  409   532   7.624 
  410   441   7.172 
  410   445   7.277 
  410   446   5.413 
  410   447   5.846 
  410   448   4.516 
  410   451   7.866 
  411   446   7.781 
  412   415   6.437 
  413   424   7.053 
  413   425   7.328 
  413   476   6.990 
  414   418   7.045 
  414   423   7.886 
  414   476   7.533 
  415   418   6.015 
  418   422   7.575 
  419   422   6.715 
  420   478   6.492 
  420   479   6.582 
  420   480   5.743 
  420   482   7.101 
  421   477   7.494 
  421   478   5.385 
  421   479   4.602 
  421   480   4.644 
  421   481   7.969 
  421   482   7.331 
  422   477   5.804 
  422   478   5.459 
  422   479   6.782 
  423   475   7.271 
  423   476   5.585 
  423   477   4.126 
  423   478   6.339 
  424   473   6.667 
  424   474   5.536 
  424   475   4.241 
  424   476   6.316 
  425   473   5.690 
  425   474   5.512 
  425   475   6.626 
  426   471   6.228 
  426   472   5.385 
  426   473   4.327 
  426   474   6.157 
  426   645   7.538 
  426   646   7.842 
  427   470   7.930 
  427   471   6.079 
  427   472   5.004 
  427   473   6.265 
  427   474   7.310 
  427   645   6.121 
  427   646   5.261 
  427   647   5.528 
  427   648   6.990 
  428   467   7.193 
  428   468   4.963 
  428   469   6.367 
  428   470   5.190 
  428   471   5.355 
  428   472   5.634 
  428   645   6.998 
  428   646   6.515 
  428   647   4.863 
  428   648   6.207 
  429   432   7.386 
  429   434   6.696 
  429   437   7.148 
  429   467   5.127 
  429   468   5.287 
  429   469   7.135 
  429   470   6.445 
  429   647   5.117 
  429   648   5.055 
  429   649   6.376 
  429   650   7.891 
  430   434   7.971 
  430   467   5.640 
  430   468   6.725 
  430   647   4.817 
  430   648   5.080 
  430   649   5.282 
  430   650   7.943 
  431   434   6.361 
  431   466   7.109 
  431   467   4.612 
  431   468   7.681 
  431   649   7.373 
  432   464   7.337 
  432   465   5.952 
  432   466   4.411 
  432   467   4.294 
  433   463   7.818 
  433   464   4.054 
  433   465   4.734 
  433   466   5.983 
  433   467   7.029 
  434   437   7.420 
  434   462   7.156 
  434   463   7.751 
  434   464   5.225 
  434   465   6.914 
  434   467   7.736 
  434   650   6.518 
  435   460   6.079 
  435   461   5.554 
  435   462   4.377 
  435   463   5.838 
  435   464   5.107 
  435   650   7.580 
  436   458   6.827 
  436   459   5.504 
  436   460   4.403 
  436   461   6.316 
  436   462   5.864 
  436   650   5.137 
  437   458   5.880 
  437   459   5.479 
  437   460   6.868 
  437   648   5.949 
  437   649   5.533 
  437   650   4.052 
  438   456   7.034 
  438   457   6.003 
  438   458   4.493 
  438   459   6.370 
  438   648   7.020 
  438   649   6.415 
  438   650   5.394 
  439   456   5.408 
  439   457   5.450 
  439   458   5.987 
  439   459   7.520 
  439   487   7.702 
  439   648   7.879 
  440   453   6.098 
  440   454   5.489 
  440   455   5.469 
  440   456   5.693 
  441   448   7.253 
  441   451   6.103 
  441   452   5.508 
  441   453   4.806 
  441   454   5.683 
  441   455   7.661 
  442   451   5.753 
  442   452   5.093 
  442   453   6.514 
  442   454   6.931 
  442   505   6.432 
  442   506   7.773 
  443   450   7.984 
  443   451   4.896 
  443   452   6.299 
  443   511   7.777 
  443   514   6.660 
  444   451   6.936 
  444   514   6.702 
  444   515   6.724 
  444   518   5.949 
  445   448   7.163 
  445   450   6.103 
  445   451   6.058 
  445   514   7.851 
  445   518   5.568 
  445   525   6.884 
  446   450   7.684 
  446   525   5.490 
  446   526   7.524 
  446   528   7.321 
  446   529   6.748 
  447   450   5.582 
  447   451   7.212 
  447   525   7.167 
  447   528   7.347 
  447   529   7.998 
  448   451   5.594 
  449   452   7.533 
  452   505   5.860 
  452   506   7.029 
  453   505   6.835 
  454   500   7.173 
  454   504   6.320 
  454   505   5.933 
  455   500   7.757 
  456   498   7.847 
  457   496   7.471 
  457   497   7.211 
  457   498   7.193 
  458   496   7.179 
  459   462   7.790 
  459   487   7.042 
  459   488   7.532 
  459   494   7.353 
  459   495   6.559 
  459   496   5.767 
  460   494   7.371 
  461   492   7.296 
  461   494   6.811 
  462   470   7.896 
  462   489   6.889 
  462   491   7.862 
  462   492   6.206 
  462   494   7.516 
  463   491   7.815 
  463   492   6.892 
  465   469   6.535 
  465   470   7.246 
  466   469   5.761 
  467   470   7.491 
  468   471   7.900 
  468   645   7.693 
  468   647   7.244 
  470   489   6.990 
  470   490   7.375 
  470   491   7.107 
  471   489   5.853 
  471   490   5.595 
  471   491   7.243 
  472   487   6.400 
  472   488   5.522 
  472   489   4.555 
  472   490   6.332 
  473   487   5.497 
  473   488   5.413 
  473   489   6.604 
  473   490   7.440 
  474   485   7.166 
  474   486   5.635 
  474   487   4.349 
  474   488   6.752 
  475   485   5.610 
  475   486   5.308 
  475   487   6.396 
  476   484   6.938 
  476   485   4.678 
  476   486   6.874 
  477   484   5.730 
  477   485   6.474 
  478   481   7.855 
  478   482   5.627 
  478   483   5.314 
  478   484   4.312 
  479   482   5.251 
  479   483   5.450 
  479   484   6.630 
  480   483   7.525 
  481   502   6.922 
  482   501   6.949 
  482   502   4.588 
  483   499   7.210 
  483   500   6.022 
  483   501   4.295 
  483   502   4.220 
  483   503   7.904 
  484   499   5.850 
  484   500   5.082 
  484   501   5.936 
  484   502   6.484 
  485   497   5.686 
  485   498   5.569 
  485   499   6.518 
  485   500   7.991 
  486   495   7.079 
  486   496   5.722 
  486   497   4.193 
  486   498   6.550 
  487   495   5.603 
  487   496   5.600 
  487   497   6.395 
  488   493   6.369 
  488   494   5.550 
  488   495   4.037 
  488   496   6.545 
  489   492   5.703 
  489   493   5.355 
  489   494   5.431 
  489   495   6.407 
  490   493   5.184 
  490   494   7.546 
  500   503   7.606 
  500   504   7.326 
  501   504   6.954 
  506   509   7.953 
  506   510   5.371 
  506   511   5.659 
  507   510   5.020 
  507   511   5.795 
  508   511   5.183 
  508   512   6.399 
  509   512   5.058 
  509   513   5.967 
  510   513   4.977 
  510   514   5.885 
  511   514   4.835 
  511   515   6.255 
  512   515   5.205 
  512   516   6.205 
  513   516   4.968 
  513   517   5.903 
  514   517   5.120 
  514   518   6.036 
  515   518   5.288 
  515   519   6.420 
  516   519   5.207 
  516   520   6.136 
  517   520   5.041 
  517   521   5.997 
  518   521   5.334 
  518   522   5.722 
  518   525   7.999 
  519   522   5.135 
  521   524   5.291 
  521   525   6.067 
  522   525   5.184 
  522   526   6.249 
  523   526   5.209 
  523   527   6.256 
  524   527   4.920 
  524   528   6.189 
  525   528   4.943 
  525   529   6.268 
  526   529   5.056 
  526   530   6.280 
  527   530   5.118 
  527   531   6.231 
  528   531   5.005 
  528   532   6.157 
  529   532   5.123 
  529   533   6.242 
  530   533   5.230 
  530   534   6.363 
  530   578   7.384 
  531   534   5.212 
  531   535   6.093 
  531   576   6.816 
  531   577   7.162 
  531   578   5.152 
  532   535   4.910 
  532   536   6.070 
  533   536   5.308 
  533   537   6.249 
  534   537   5.056 
  534   538   6.095 
  534   578   6.359 
  534   581   7.174 
  534   582   7.177 
  535   538   5.027 
  535   539   5.932 
  535   573   5.703 
  535   578   7.588 
  535   581   7.132 
  536   539   5.007 
  537   540   6.169 
  538   541   6.093 
  538   569   7.380 
  538   573   7.025 
  538   581   6.955 
  538   582   7.494 
  538   585   6.507 
  539   570   7.589 
  539   573   7.340 
  540   543   5.954 
  540   585   7.620 
  541   544   6.427 
  541   566   6.390 
  541   569   7.475 
  541   570   7.381 
  542   545   5.044 
  542   546   6.051 
  543   546   4.971 
  543   547   6.131 
  544   547   5.010 
  544   548   6.315 
  545   548   5.010 
  545   549   6.182 
  546   549   4.972 
  546   550   5.972 
  546   595   7.203 
  546   599   7.962 
  547   550   5.145 
  547   551   6.583 
  547   554   7.249 
  547   559   7.298 
  547   595   7.113 
  548   551   5.411 
  550   553   5.450 
  550   554   5.726 
  550   595   7.501 
  550   598   6.944 
  551   554   6.357 
  552   555   6.932 
  552   556   7.791 
  553   598   7.770 
  554   558   6.774 
  554   559   6.705 
  554   594   7.297 
  554   595   6.439 
  554   598   7.782 
  555   558   5.310 
  555   559   6.428 
  556   559   5.286 
  556   560   6.468 
  557   560   5.049 
  557   561   6.505 
  558   561   5.125 
  558   562   6.047 
  558   591   6.937 
  558   592   7.572 
  558   594   7.727 
  559   562   5.156 
  559   563   5.948 
  560   563   5.207 
  560   564   6.444 
  561   564   5.198 
  561   565   6.214 
  561   591   6.310 
  562   565   5.032 
  562   566   6.091 
  562   588   6.380 
  562   591   5.819 
  562   592   6.445 
  563   566   5.010 
  563   567   6.392 
  564   567   5.181 
  564   568   6.421 
  565   568   5.148 
  565   569   6.231 
  565   584   7.273 
  565   587   6.798 
  565   588   5.067 
  565   591   7.722 
  566   569   5.092 
  566   570   6.157 
  566   588   6.762 
  567   570   5.258 
  567   571   6.201 
  568   571   5.103 
  568   572   6.216 
  568   584   6.571 
  569   572   4.975 
  569   573   6.166 
  569   581   6.471 
  569   584   5.103 
  569   585   6.396 
  569   588   7.700 
  570   573   5.129 
  570   574   6.792 
  571   574   5.598 
  571   575   7.137 
  572   575   5.291 
  572   577   7.809 
  572   580   6.240 
  572   581   5.205 
  572   584   6.985 
  573   576   7.508 
  573   581   5.956 
  577   580   5.411 
  577   581   6.762 
  578   581   5.329 
  578   582   6.403 
  579   582   5.044 
  579   583   6.007 
  580   583   5.075 
  580   584   6.221 
  581   584   5.111 
  581   585   6.245 
  582   585   5.018 
  582   586   6.193 
  583   586   4.952 
  583   587   6.297 
  584   587   5.082 
  584   588   6.229 
  585   588   5.110 
  585   589   6.233 
  586   589   5.044 
  586   590   6.369 
  587   590   5.015 
  587   591   6.805 
  588   591   5.442 
  588   592   6.288 
  589   592   5.032 
  589   593   6.917 
  590   593   6.399 
  591   594   7.812 
  592   595   5.008 
  592   596   6.109 
  593   596   5.155 
  593   597   6.456 
  594   597   4.951 
  594   598   6.503 
  595   598   5.448 
  595   599   7.093 
  596   599   5.426 
  596   600   7.008 
  597   600   7.201 
  606   612   7.867 
  607   612   7.776 
  608   611   6.650 
  608   612   5.745 
  609   612   6.321 
  611   614   7.148 
  620   624   7.358 
  621   624   4.970 
  623   626   7.216 
  627   630   7.943 
  628   631   5.495 
  628   632   5.948 
  629   632   7.636 
  630   633   5.407 
  630   634   5.790 
  631   634   5.323 
  631   635   6.899 
  632   635   5.236 
  632   636   7.916 
  651   654   1.623 
  651   655   2.819 
  651   656   3.445 
  651   657   3.223 
  651   658   1.618 
  651   659   3.942 
  651   660   4.462 
  651   661   5.472 
  651   662   6.448 
  651   663   6.436 
  651   664   7.094 
  651   665   7.549 
  651   667   7.702 
  652   655   3.259 
  652   656   3.265 
  652   657   3.630 
  652   658   2.605 
  652   659   4.692 
  652   660   5.507 
  652   661   6.591 
  652   662   7.370 
  652   663   7.698 
  653   656   4.430 
  653   657   3.240 
  653   658   2.559 
  653   659   4.482 
  653   660   4.602 
  653   661   5.743 
  653   662   6.858 
  653   663   6.431 
  653   664   7.209 
  653   665   7.526 
  653   667   7.957 
  654   657   4.621 
  654   658   2.351 
  654   659   4.624 
  654   660   5.025 
  654   661   5.649 
  654   662   6.726 
  654   663   6.519 
  654   664   6.858 
  654   665   7.821 
  654   667   7.953 
  655   658   1.613 
  655   659   1.608 
  655   660   2.656 
  655   661   3.868 
  655   662   4.372 
  655   663   5.126 
  655   664   6.072 
  655   665   5.799 
  655   666   7.201 
  655   667   5.665 
  655   668   6.217 
  655   669   6.088 
  655   670   7.119 
  655   671   7.832 
  655   677   7.298 
  656   659   2.571 
  656   660   3.906 
  656   661   4.901 
  656   662   5.096 
  656   663   6.296 
  656   664   7.138 
  656   665   6.863 
  656   667   6.451 
  656   668   6.847 
  656   669   6.737 
  656   670   7.592 
  656   677   7.756 
  657   660   2.997 
  657   661   4.480 
  657   662   5.048 
  657   663   5.461 
  657   664   6.618 
  657   665   5.995 
  657   666   7.346 
  657   667   6.141 
  657   668   6.549 
  657   669   6.144 
  657   670   7.145 
  657   677   7.720 
  658   661   4.003 
  658   662   4.873 
  658   663   5.139 
  658   664   5.829 
  658   665   6.172 
  658   666   7.484 
  658   667   6.172 
  658   668   7.028 
  658   669   7.114 
  659   662   2.766 
  659   663   3.739 
  659   664   4.673 
  659   665   4.330 
  659   666   5.741 
  659   667   4.078 
  659   668   4.726 
  659   669   4.785 
  659   670   5.905 
  659   671   6.498 
  659   672   7.834 
  659   675   7.805 
  659   676   6.616 
  659   677   5.818 
  660   663   2.530 
  660   664   3.677 
  660   665   3.208 
  660   666   4.577 
  660   667   3.399 
  660   668   4.227 
  660   669   4.289 
  660   670   5.566 
  660   671   6.224 
  660   672   7.655 
  660   675   7.615 
  660   676   6.340 
  660   677   5.474 
  661   664   2.347 
  661   665   2.351 
  661   666   3.634 
  661   667   2.336 
  661   668   3.545 
  661   669   4.066 
  661   670   5.368 
  661   671   5.731 
  661   672   7.098 
  661   674   7.422 
  661   675   6.655 
  661   676   5.328 
  661   677   4.691 
  662   665   2.317 
  662   666   3.577 
  662   667   1.423 
  662   668   2.386 
  662   669   3.094 
  662   670   4.271 
  662   671   4.468 
  662   672   5.775 
  662   673   6.878 
  662   674   6.069 
  662   675   5.338 
  662   676   4.048 
  662   677   3.407 
  663   666   2.457 
  663   667   2.340 
  663   668   3.645 
  663   669   4.197 
  663   670   5.520 
  663   671   5.872 
  663   672   7.242 
  663   674   7.548 
  663   675   6.750 
  663   676   5.408 
  663   677   4.796 
  664   667   2.856 
  664   668   4.297 
  664   669   5.153 
  664   670   6.389 
  664   671   6.473 
  664   672   7.704 
  664   674   7.767 
  664   675   6.777 
  664   676   5.463 
  664   677   5.197 
  665   668   2.452 
  665   669   2.959 
  665   670   4.216 
  665   671   4.565 
  665   672   5.937 
  665   673   6.993 
  665   674   6.333 
  665   675   5.666 
  665   676   4.373 
  665   677   3.602 
  666   669   3.688 
  666   670   4.714 
  666   671   4.877 
  666   672   6.087 
  666   673   7.148 
  666   674   6.365 
  666   675   5.667 
  666   676   4.485 
  666   677   3.927 
  667   670   3.640 
  667   671   3.686 
  667   672   4.986 
  667   673   6.150 
  667   674   5.244 
  667   675   4.489 
  667   676   3.155 
  667   677   2.494 
  668   671   2.246 
  668   672   3.628 
  668   673   4.720 
  668   674   4.111 
  668   675   3.658 
  668   676   2.492 
  668   677   1.335 
  669   672   3.676 
  669   673   4.456 
  669   674   4.545 
  669   675   4.466 
  669   676   3.531 
  669   677   2.182 
  670   673   3.189 
  670   674   3.767 
  670   675   4.077 
  670   676   3.529 
  670   677   2.256 
  671   674   2.439 
  671   675   2.757 
  671   676   2.437 
  671   677   1.471 
  672   675   2.350 
  672   676   2.806 
  672   677   2.526 
  673   676   4.152 
  673   677   3.772 
  674   677   2.800 
