    7   652   7.108 
    8   651   7.495 
    8   652   6.919 
    8   653   7.008 
    8   654   7.935 
    9   651   3.949 
    9   652   3.885 
    9   653   3.397 
    9   654   4.281 
    9   655   6.503 
    9   656   6.993 
    9   657   6.249 
    9   658   5.542 
    9   659   7.743 
    9   660   7.992 
   10   651   4.728 
   10   652   5.733 
   10   653   4.057 
   10   654   4.040 
   10   655   7.151 
   10   657   7.161 
   10   658   5.758 
   10   659   7.698 
   10   660   7.430 
   10   661   8.000 
   11   651   4.833 
   11   652   6.118 
   11   653   3.576 
   11   654   5.054 
   11   655   5.948 
   11   656   7.320 
   11   657   5.408 
   11   658   5.186 
   11   659   6.162 
   11   660   5.375 
   11   661   6.140 
   11   662   7.489 
   11   663   5.954 
   11   664   6.625 
   11   665   7.045 
   11   666   7.748 
   12   651   5.269 
   12   652   5.761 
   12   653   3.919 
   12   654   6.442 
   12   655   5.841 
   12   656   6.898 
   12   657   4.575 
   12   658   5.860 
   12   659   6.683 
   12   660   6.339 
   12   661   7.695 
   12   663   7.925 
   13   651   6.817 
   13   652   6.523 
   13   653   5.809 
   13   655   7.915 
   13   657   6.797 
   13   658   7.913 
   37   653   7.781 
   38   653   7.381 
  196   656   7.751 
  197   651   7.839 
  197   652   7.900 
  197   654   7.221 
  197   655   7.389 
  197   656   6.735 
  197   658   6.993 
  197   659   7.104 
  197   661   7.644 
  197   662   7.502 
  198   651   4.345 
  198   652   4.840 
  198   653   5.633 
  198   654   3.722 
  198   655   4.243 
  198   656   4.146 
  198   657   5.687 
  198   658   3.436 
  198   659   4.079 
  198   660   4.917 
  198   661   4.796 
  198   662   5.232 
  198   663   6.030 
  198   664   6.003 
  198   665   7.082 
  198   667   6.528 
  198   668   7.524 
  199   651   4.739 
  199   652   6.091 
  199   653   5.117 
  199   654   3.855 
  199   655   5.120 
  199   656   6.061 
  199   657   5.960 
  199   658   3.980 
  199   659   4.471 
  199   660   4.108 
  199   661   3.619 
  199   662   4.809 
  199   663   3.925 
  199   664   3.573 
  199   665   5.401 
  199   666   6.185 
  199   667   5.615 
  199   668   7.012 
  199   669   7.673 
  199   677   7.999 
  200   651   6.512 
  200   652   7.573 
  200   653   6.959 
  200   654   4.958 
  200   658   6.541 
  200   659   7.859 
  200   660   7.753 
  200   661   7.375 
  200   663   7.614 
  200   664   6.989 
  201   651   7.663 
  201   654   6.143 
  201   658   7.838 
  229   654   7.290 
  229   658   7.863 
  229   661   7.138 
  229   662   7.660 
  229   663   7.407 
  229   664   6.325 
  230   654   7.788 
  230   658   7.440 
  230   659   6.784 
  230   660   6.265 
  230   661   4.876 
  230   662   5.239 
  230   663   4.584 
  230   664   3.217 
  230   665   5.404 
  230   666   5.451 
  230   667   5.235 
  230   668   6.580 
  230   669   7.739 
  230   675   7.739 
  230   676   6.660 
  230   677   7.015 
  231   661   7.271 
  231   663   6.410 
  231   664   5.181 
  231   665   7.356 
  231   666   6.978 
  231   667   7.892 
  232   664   7.969 
  233   664   7.228 
  234   664   7.180 
  234   666   7.297 
  269   663   7.682 
  269   664   7.409 
  269   665   6.907 
  269   666   5.491 
  269   667   7.687 
  269   668   7.879 
  269   677   7.993 
  270   666   7.601 
  272   666   7.200 
  272   668   7.910 
  272   671   7.565 
  272   672   7.276 
  272   673   7.942 
  272   674   6.671 
  272   675   6.308 
  272   676   6.583 
  272   677   7.199 
  273   665   7.123 
  273   666   6.359 
  273   667   6.869 
  273   668   5.949 
  273   669   6.126 
  273   670   5.494 
  273   671   4.788 
  273   672   4.321 
  273   673   4.580 
  273   674   4.280 
  273   675   4.636 
  273   676   5.058 
  273   677   5.141 
  274   672   7.320 
  274   673   7.003 
  274   674   7.236 
  274   675   7.894 
  275   674   7.339 
  275   675   7.720 
  276   671   7.130 
  276   672   5.723 
  276   673   5.504 
  276   674   4.952 
  276   675   5.683 
  276   676   6.982 
  276   677   7.649 
  277   673   7.610 
  342   655   7.980 
  342   656   6.532 
  343   651   6.122 
  343   652   5.724 
  343   653   7.365 
  343   654   6.654 
  343   655   4.407 
  343   656   3.126 
  343   657   5.589 
  343   658   5.123 
  343   659   4.615 
  343   660   6.010 
  343   661   6.390 
  343   662   5.993 
  343   663   7.888 
  343   667   7.265 
  343   668   7.428 
  343   669   7.572 
  343   677   7.866 
  344   651   7.050 
  344   652   7.282 
  344   653   7.778 
  344   654   7.763 
  344   655   4.351 
  344   656   4.080 
  344   657   5.072 
  344   658   5.573 
  344   659   3.519 
  344   660   4.334 
  344   661   4.483 
  344   662   3.480 
  344   663   5.706 
  344   664   6.473 
  344   665   5.414 
  344   666   6.643 
  344   667   4.335 
  344   668   3.990 
  344   669   3.970 
  344   670   4.348 
  344   671   4.599 
  344   672   5.521 
  344   673   6.204 
  344   674   6.025 
  344   675   5.824 
  344   676   5.076 
  344   677   4.380 
  345   655   6.592 
  345   656   6.517 
  345   657   7.714 
  345   658   7.043 
  345   659   5.301 
  345   660   5.714 
  345   661   4.780 
  345   662   3.672 
  345   663   5.670 
  345   664   5.553 
  345   665   5.526 
  345   666   6.292 
  345   667   4.071 
  345   668   4.282 
  345   669   5.288 
  345   670   5.727 
  345   671   5.111 
  345   672   5.637 
  345   673   6.793 
  345   674   5.260 
  345   675   4.338 
  345   676   3.658 
  345   677   4.073 
  346   662   7.190 
  346   667   7.663 
  346   668   7.421 
  346   671   7.288 
  346   672   7.183 
  346   673   7.892 
  346   674   6.678 
  346   675   6.273 
  346   676   6.358 
  346   677   6.864 
  347   662   7.712 
  347   667   7.685 
  347   668   6.768 
  347   669   7.067 
  347   670   6.379 
  347   671   5.505 
  347   672   4.774 
  347   673   4.965 
  347   674   4.418 
  347   675   4.805 
  347   676   5.479 
  347   677   5.819 
  348   668   7.817 
  348   671   6.733 
  348   672   5.751 
  348   673   6.270 
  348   674   4.582 
  348   675   4.481 
  348   676   5.551 
  348   677   6.596 
  349   674   7.934 
  369   655   7.793 
  369   656   6.518 
  370   651   7.719 
  370   652   6.904 
  370   655   5.983 
  370   656   5.134 
  370   657   5.692 
  370   658   7.342 
  370   659   6.895 
  370   660   7.904 
