0 68.117 4.378 -0.959 -2.830 -3.200
10000 68.117 4.378 -0.959 -2.830 -3.200
20000 68.117 4.378 -0.959 -2.830 -3.200
30000 68.117 4.378 -0.959 -2.830 -3.200
40000 68.117 4.379 -0.959 -2.830 -3.200
50000 68.117 4.379 -0.959 -2.830 -3.201
60000 68.117 4.379 -0.960 -2.831 -3.201
70000 68.117 4.379 -0.960 -2.831 -3.201
80000 68.117 4.380 -0.960 -2.831 -3.201
90000 68.117 4.380 -0.960 -2.831 -3.201
100000 68.117 4.380 -0.960 -2.831 -3.201
110000 68.117 4.380 -0.960 -2.831 -3.202
120000 68.117 4.381 -0.960 -2.832 -3.202
130000 68.117 4.381 -0.960 -2.832 -3.202
140000 68.117 4.381 -0.960 -2.832 -3.202
150000 68.117 4.381 -0.960 -2.832 -3.202
160000 68.117 4.382 -0.960 -2.832 -3.203
170000 68.117 4.382 -0.960 -2.832 -3.203
180000 68.117 4.382 -0.960 -2.833 -3.203
190000 68.117 4.382 -0.960 -2.833 -3.203
200000 68.117 4.383 -0.960 -2.833 -3.203
210000 68.117 4.383 -0.960 -2.833 -3.203
220000 68.117 4.383 -0.960 -2.833 -3.204
230000 68.117 4.383 -0.960 -2.833 -3.204
240000 68.117 4.384 -0.961 -2.833 -3.204
250000 68.117 4.384 -0.961 -2.834 -3.204
260000 68.117 4.384 -0.961 -2.834 -3.204
270000 68.117 4.384 -0.961 -2.834 -3.205
280000 68.117 4.385 -0.961 -2.834 -3.205
290000 68.117 4.385 -0.961 -2.834 -3.205
300000 68.117 4.385 -0.961 -2.834 -3.205
310000 68.117 4.385 -0.961 -2.835 -3.205
320000 68.117 4.386 -0.961 -2.835 -3.205
330000 68.117 4.386 -0.961 -2.835 -3.206
340000 68.117 4.386 -0.961 -2.835 -3.206
350000 68.117 4.386 -0.961 -2.835 -3.206
360000 68.117 4.387 -0.961 -2.835 -3.206
370000 68.117 4.387 -0.961 -2.836 -3.206
380000 68.117 4.387 -0.961 -2.836 -3.207
390000 68.117 4.387 -0.961 -2.836 -3.207
400000 68.117 4.388 -0.961 -2.836 -3.207
410000 68.117 4.388 -0.961 -2.836 -3.207
420000 68.117 4.388 -0.962 -2.836 -3.207
430000 68.117 4.388 -0.962 -2.837 -3.207
440000 68.117 4.389 -0.962 -2.837 -3.208
450000 68.117 4.389 -0.962 -2.837 -3.208
460000 68.117 4.389 -0.962 -2.837 -3.208
470000 68.117 4.389 -0.962 -2.837 -3.208
480000 68.117 4.390 -0.962 -2.837 -3.208
490000 68.117 4.390 -0.962 -2.838 -3.209
500000 68.117 4.390 -0.962 -2.838 -3.209
510000 68.117 4.390 -0.962 -2.838 -3.209
520000 68.117 4.391 -0.962 -2.838 -3.209
530000 68.117 4.391 -0.962 -2.838 -3.209
540000 68.117 4.391 -0.962 -2.838 -3.210
550000 68.117 4.391 -0.962 -2.838 -3.210
560000 68.117 4.392 -0.962 -2.839 -3.210
570000 68.117 4.392 -0.962 -2.839 -3.210
580000 68.117 4.392 -0.962 -2.839 -3.210
590000 68.117 4.392 -0.962 -2.839 -3.210
600000 68.117 4.393 -0.962 -2.839 -3.211
610000 68.117 4.393 -0.963 -2.839 -3.211
620000 68.117 4.393 -0.963 -2.840 -3.211
630000 68.117 4.393 -0.963 -2.840 -3.211
640000 68.117 4.394 -0.963 -2.840 -3.211
650000 68.117 4.394 -0.963 -2.840 -3.212
660000 68.117 4.394 -0.963 -2.840 -3.212
670000 68.117 4.394 -0.963 -2.840 -3.212
680000 68.117 4.395 -0.963 -2.841 -3.212
690000 68.117 4.395 -0.963 -2.841 -3.212
700000 68.117 4.395 -0.963 -2.841 -3.212
710000 68.117 4.395 -0.963 -2.841 -3.213
720000 68.117 4.396 -0.963 -2.841 -3.213
730000 68.117 4.396 -0.963 -2.841 -3.213
740000 68.117 4.396 -0.963 -2.842 -3.213
750000 68.117 4.396 -0.963 -2.842 -3.213
760000 68.117 4.397 -0.963 -2.842 -3.214
770000 68.117 4.397 -0.963 -2.842 -3.214
780000 68.117 4.397 -0.963 -2.842 -3.214
790000 68.117 4.397 -0.964 -2.842 -3.214
800000 68.117 4.398 -0.964 -2.843 -3.214
810000 68.117 4.398 -0.964 -2.843 -3.214
820000 68.117 4.398 -0.964 -2.843 -3.215
830000 68.117 4.398 -0.964 -2.843 -3.215
840000 68.117 4.399 -0.964 -2.843 -3.215
850000 68.117 4.399 -0.964 -2.843 -3.215
860000 68.117 4.399 -0.964 -2.843 -3.215
870000 68.117 4.399 -0.964 -2.844 -3.216
880000 68.117 4.400 -0.964 -2.844 -3.216
890000 68.117 4.400 -0.964 -2.844 -3.216
900000 68.117 4.400 -0.964 -2.844 -3.216
910000 68.117 4.400 -0.964 -2.844 -3.216
920000 68.117 4.401 -0.964 -2.844 -3.216
930000 68.117 4.401 -0.964 -2.845 -3.217
940000 68.117 4.401 -0.964 -2.845 -3.217
950000 68.117 4.401 -0.964 -2.845 -3.217
960000 68.117 4.402 -0.964 -2.845 -3.217
970000 68.117 4.402 -0.965 -2.845 -3.217
980000 68.117 4.402 -0.965 -2.845 -3.218
990000 68.117 4.402 -0.965 -2.846 -3.218
1000000 68.117 4.403 -0.965 -2.846 -3.218
1010000 68.117 4.403 -0.965 -2.846 -3.218
1020000 68.117 4.403 -0.965 -2.846 -3.218
1030000 68.117 4.403 -0.965 -2.846 -3.218
1040000 68.117 4.404 -0.965 -2.846 -3.219
1050000 68.117 4.404 -0.965 -2.847 -3.219
1060000 68.117 4.404 -0.965 -2.847 -3.219
1070000 68.117 4.404 -0.965 -2.847 -3.219
1080000 68.117 4.405 -0.965 -2.847 -3.219
1090000 68.117 4.405 -0.965 -2.847 -3.220
1100000 68.117 4.405 -0.965 -2.847 -3.220
1110000 68.117 4.405 -0.965 -2.848 -3.220
1120000 68.117 4.406 -0.965 -2.848 -3.220
1130000 68.117 4.406 -0.965 -2.848 -3.220
1140000 68.117 4.406 -0.965 -2.848 -3.220
1150000 68.117 4.406 -0.966 -2.848 -3.221
1160000 68.117 4.407 -0.966 -2.848 -3.221
1170000 68.117 4.407 -0.966 -2.849 -3.221
1180000 68.117 4.407 -0.966 -2.849 -3.221
1190000 68.117 4.407 -0.966 -2.849 -3.221
1200000 68.117 4.408 -0.966 -2.849 -3.222
1210000 68.117 4.408 -0.966 -2.849 -3.222
1220000 68.117 4.408 -0.966 -2.849 -3.222
1230000 68.117 4.408 -0.966 -2.849 -3.222
1240000 68.117 4.409 -0.966 -2.850 -3.222
1250000 68.117 4.409 -0.966 -2.850 -3.222
1260000 68.117 4.409 -0.966 -2.850 -3.223
1270000 68.117 4.409 -0.966 -2.850 -3.223
1280000 68.117 4.410 -0.966 -2.850 -3.223
1290000 68.117 4.410 -0.966 -2.850 -3.223
1300000 68.117 4.410 -0.966 -2.851 -3.223
1310000 68.117 4.410 -0.966 -2.851 -3.224
1320000 68.117 4.411 -0.966 -2.851 -3.224
1330000 68.117 4.411 -0.966 -2.851 -3.224
1340000 68.117 4.411 -0.967 -2.851 -3.224
1350000 68.117 4.411 -0.967 -2.851 -3.224
1360000 68.117 4.412 -0.967 -2.852 -3.224
1370000 68.117 4.412 -0.967 -2.852 -3.225
1380000 68.117 4.412 -0.967 -2.852 -3.225
1390000 68.117 4.412 -0.967 -2.852 -3.225
1400000 68.117 4.413 -0.967 -2.852 -3.225
1410000 68.117 4.413 -0.967 -2.852 -3.225
1420000 68.117 4.413 -0.967 -2.853 -3.226
1430000 68.117 4.413 -0.967 -2.853 -3.226
1440000 68.117 4.414 -0.967 -2.853 -3.226
1450000 68.117 4.414 -0.967 -2.853 -3.226
1460000 68.117 4.414 -0.967 -2.853 -3.226
1470000 68.117 4.414 -0.967 -2.853 -3.226
1480000 68.117 4.415 -0.967 -2.854 -3.227
1490000 68.117 4.415 -0.967 -2.854 -3.227
1500000 68.117 4.415 -0.967 -2.854 -3.227
1510000 68.117 4.415 -0.967 -2.854 -3.227
1520000 68.117 4.416 -0.968 -2.854 -3.227
1530000 68.117 4.416 -0.968 -2.854 -3.228
1540000 68.117 4.416 -0.968 -2.854 -3.228
1550000 68.117 4.416 -0.968 -2.855 -3.228
1560000 68.117 4.417 -0.968 -2.855 -3.228
1570000 68.117 4.417 -0.968 -2.855 -3.228
1580000 68.117 4.417 -0.968 -2.855 -3.229
1590000 68.117 4.417 -0.968 -2.855 -3.229
1600000 68.117 4.418 -0.968 -2.855 -3.229
1610000 68.117 4.418 -0.968 -2.856 -3.229
1620000 68.117 4.418 -0.968 -2.856 -3.229
1630000 68.117 4.418 -0.968 -2.856 -3.229
1640000 68.117 4.419 -0.968 -2.856 -3.230
1650000 68.117 4.419 -0.968 -2.856 -3.230
1660000 68.117 4.419 -0.968 -2.856 -3.230
1670000 68.117 4.419 -0.968 -2.857 -3.230
1680000 68.117 4.420 -0.968 -2.857 -3.230
1690000 68.117 4.420 -0.968 -2.857 -3.231
1700000 68.117 4.420 -0.969 -2.857 -3.231
1710000 68.117 4.420 -0.969 -2.857 -3.231
1720000 68.117 4.421 -0.969 -2.857 -3.231
1730000 68.117 4.421 -0.969 -2.858 -3.231
1740000 68.117 4.421 -0.969 -2.858 -3.231
1750000 68.117 4.421 -0.969 -2.858 -3.232
1760000 68.117 4.422 -0.969 -2.858 -3.232
1770000 68.117 4.422 -0.969 -2.858 -3.232
1780000 68.117 4.422 -0.969 -2.858 -3.232
1790000 68.117 4.422 -0.969 -2.859 -3.232
1800000 68.117 4.423 -0.969 -2.859 -3.233
1810000 68.117 4.423 -0.969 -2.859 -3.233
1820000 68.117 4.423 -0.969 -2.859 -3.233
1830000 68.117 4.423 -0.969 -2.859 -3.233
1840000 68.117 4.424 -0.969 -2.859 -3.233
1850000 68.117 4.424 -0.969 -2.859 -3.233
1860000 68.117 4.424 -0.969 -2.860 -3.234
1870000 68.117 4.424 -0.969 -2.860 -3.234
1880000 68.117 4.425 -0.970 -2.860 -3.234
1890000 68.117 4.425 -0.970 -2.860 -3.234
1900000 68.117 4.425 -0.970 -2.860 -3.234
1910000 68.117 4.425 -0.970 -2.860 -3.235
1920000 68.117 4.426 -0.970 -2.861 -3.235
1930000 68.117 4.426 -0.970 -2.861 -3.235
1940000 68.117 4.426 -0.970 -2.861 -3.235
1950000 68.117 4.426 -0.970 -2.861 -3.235
1960000 68.117 4.427 -0.970 -2.861 -3.235
1970000 68.117 4.427 -0.970 -2.8