0 0.000 158.068 0.000 -1498.561 0.000 111.099 -1387.462 14.955  3504 0.000 28.560 1
10000 0.388 156.486 0.000 -1266.399 0.000 91.061 -1175.338 103.796  3320 0.000 29.114 1
20000 0.389 158.358 0.000 -1249.092 0.000 88.984 -1160.108 119.598  3244 0.000 29.194 1
30000 0.388 157.994 0.000 -1222.579 0.000 81.456 -1141.123 111.578  3212 0.000 29.416 1
40000 0.388 158.226 0.000 -1224.676 0.000 83.850 -1140.826 96.675  3270 0.000 29.575 1
50000 0.388 158.154 0.000 -1208.476 0.000 81.618 -1126.859 116.841  3210 0.000 29.644 1
60000 0.388 157.063 0.000 -1205.433 0.000 73.245 -1132.187 124.968  3184 0.000 29.654 1
70000 0.389 158.101 0.000 -1205.748 0.000 74.492 -1131.256 115.939  3194 0.000 29.749 1
80000 0.388 158.129 0.000 -1194.946 0.000 70.992 -1123.953 125.224  3192 0.000 29.798 1
90000 0.387 156.017 0.000 -1210.437 0.000 77.265 -1133.171 105.883  3214 0.000 29.682 1
100000 0.387 155.671 0.000 -1210.370 0.000 67.990 -1142.381 121.508  3236 0.000 29.655 1
0 0.000 68.117 4.378 -1214.861 0.000 67.857 -1147.003 119.218  3240 0.000 29.655 0
10000 0.386 68.117 4.378 -1198.066 0.000 77.186 -1120.880 123.817  3172 0.005 29.654 0
20000 0.387 68.117 4.378 -1213.949 0.000 84.956 -1128.992 99.712  3204 0.010 29.494 0
30000 0.387 68.117 4.378 -1196.572 0.000 76.838 -1119.734 110.691  3198 0.015 29.668 0
40000 0.387 68.117 4.379 -1210.388 0.000 84.262 -1126.127 127.386  3198 0.020 29.511 0
50000 0.386 68.117 4.379 -1214.520 0.000 77.483 -1137.037 126.034  3214 0.025 29.517 0
60000 0.386 68.117 4.379 -1200.011 0.000 76.727 -1123.283 114.846  3196 0.030 29.377 0
70000 0.387 68.117 4.379 -1203.723 0.000 77.683 -1126.040 106.910  3154 0.035 29.272 0
80000 0.387 68.117 4.380 -1201.032 0.000 76.616 -1124.416 113.988  3178 0.040 29.170 0
90000 0.388 68.117 4.380 -1197.254 0.000 86.511 -1110.743 109.585  3146 0.045 29.164 0
100000 0.387 68.117 4.380 -1182.747 0.000 80.800 -1101.947 132.931  3156 0.050 29.387 0
110000 0.387 68.117 4.380 -1182.641 0.000 80.815 -1101.826 113.001  3148 0.055 29.310 0
120000 0.386 68.117 4.381 -1201.930 0.000 73.490 -1128.440 115.413  3164 0.060 29.401 0
130000 0.387 68.117 4.381 -1184.119 0.000 74.749 -1109.370 117.579  3122 0.065 29.522 0
140000 0.387 68.117 4.381 -1181.206 0.000 82.786 -1098.420 101.194  3120 0.070 29.386 0
150000 0.387 68.117 4.381 -1207.761 0.000 78.990 -1128.771 116.665  3180 0.075 29.579 0
160000 0.387 68.117 4.382 -1192.719 0.000 74.424 -1118.296 128.435  3158 0.080 29.646 0
170000 0.387 68.117 4.382 -1197.835 0.000 71.868 -1125.967 113.886  3116 0.085 29.639 0
180000 0.388 68.117 4.382 -1197.962 0.000 75.229 -1122.733 112.794  3142 0.090 29.666 0
190000 0.387 68.117 4.382 -1211.502 0.000 72.054 -1139.448 118.977  3164 0.095 29.844 0
200000 0.386 68.117 4.383 -1180.287 0.000 74.972 -1105.315 122.595  3116 0.100 29.702 0
210000 0.388 68.117 4.383 -1194.979 0.000 71.632 -1123.347 103.046  3198 0.105 29.663 0
220000 0.387 68.117 4.383 -1198.367 0.000 70.747 -1127.619 113.873  3220 0.110 29.803 0
230000 0.387 68.117 4.383 -1193.612 0.000 74.386 -1119.226 117.146  3174 0.115 29.922 0
240000 0.387 68.117 4.384 -1203.827 0.000 71.931 -1131.896 108.014  3180 0.120 29.968 0
250000 0.387 68.117 4.384 -1205.339 0.000 71.878 -1133.461 106.414  3140 0.125 30.075 0
260000 0.387 68.117 4.384 -1189.451 0.000 75.229 -1114.222 103.867  3126 0.130 30.108 0
270000 0.387 68.117 4.384 -1183.734 0.000 71.353 -1112.381 113.702  3178 0.135 30.211 0
280000 0.387 68.117 4.385 -1170.608 0.000 70.325 -1100.283 118.198  3132 0.140 30.168 0
290000 0.387 68.117 4.385 -1165.353 0.000 69.646 -1095.707 118.961  3102 0.145 30.326 0
300000 0.388 68.117 4.385 -1178.906 0.000 67.824 -1111.083 133.430  3116 0.150 30.374 0
310000 0.387 68.117 4.385 -1175.533 0.000 77.948 -1097.585 126.758  3102 0.155 30.452 0
320000 0.386 68.117 4.386 -1174.368 0.000 66.176 -1108.192 106.318  3114 0.160 30.551 0
330000 0.386 68.117 4.386 -1165.958 0.000 70.389 -1095.569 116.877  3130 0.165 30.533 0
340000 0.387 68.117 4.386 -1187.644 0.000 66.021 -1121.624 121.137  3124 0.170 30.480 0
350000 0.386 68.117 4.386 -1198.281 0.000 74.259 -1124.023 102.476  3192 0.175 30.474 0
360000 0.388 68.117 4.387 -1181.392 0.000 69.226 -1112.167 101.028  3150 0.180 30.385 0
370000 0.387 68.117 4.387 -1182.879 0.000 70.806 -1112.073 125.108  3112 0.185 30.180 0
380000 0.387 68.117 4.387 -1160.986 0.000 71.705 -1089.281 115.994  3050 0.190 30.227 0
390000 0.387 68.117 4.387 -1175.084 0.000 78.932 -1096.152 104.526  3064 0.195 30.154 0
400000 0.387 68.117 4.388 -1182.687 0.000 77.967 -1104.720 102.410  3046 0.200 30.251 0
410000 0.387 68.117 4.388 -1190.333 0.000 75.445 -1114.888 105.604  3136 0.205 30.271 0
420000 0.387 68.117 4.388 -1175.517 0.000 69.367 -1106.151 105.432  3042 0.210 30.275 0
430000 0.388 68.117 4.388 -1219.322 0.000 68.081 -1151.242 114.822  3152 0.215 30.332 0
440000 0.387 68.117 4.389 -1238.357 0.000 73.660 -1164.696 136.948  3220 0.220 30.437 0
450000 0.388 68.117 4.389 -1189.298 0.000 71.370 -1117.928 120.685  3128 0.225 30.412 0
460000 0.387 68.117 4.389 -1202.858 0.000 76.656 -1126.202 127.746  3196 0.230 30.458 0
470000 0.387 68.117 4.389 -1191.318 0.000 69.650 -1121.668 108.185  3164 0.235 30.360 0
480000 0.387 68.117 4.390 -1176.905 0.000 71.574 -1105.331 115.113  3140 0.240 30.351 0
490000 0.388 68.117 4.390 -1204.875 0.000 68.977 -1135.897 108.605  3160 0.245 30.216 0
500000 0.387 68.117 4.390 -1196.882 0.000 82.693 -1114.189 115.021  3172 0.250 30.270 0
510000 0.387 68.117 4.390 -1200.820 0.000 76.471 -1124.349 115.594  3138 0.255 30.510 0
520000 0.386 68.117 4.391 -1192.235 0.000 72.717 -1119.518 116.815  3142 0.260 30.501 0
530000 0.387 68.117 4.391 -1164.213 0.000 78.308 -1085.905 115.856  3144 0.265 30.473 0
540000 0.386 68.117 4.391 -1178.045 0.000 68.994 -1109.051 116.252  3128 0.270 30.505 0
550000 0.387 68.117 4.391 -1185.924 0.000 79.788 -1106.136 131.672  3136 0.275 30.430 0
560000 0.387 68.117 4.392 -1182.010 0.000 78.298 -1103.712 133.546  3132 0.280 30.650 0
570000 0.387 68.117 4.392 -1164.861 0.000 65.765 -1099.096 115.660  3088 0.285 30.699 0
580000 0.387 68.117 4.392 -1177.331 0.000 74.106 -1103.226 116.080  3116 0.290 30.596 0
590000 0.387 68.117 4.392 -1191.692 0.000 67.690 -1124.002 120.505  3118 0.295 30.593 0
600000 0.386 68.117 4.393 -1168.375 0.000 64.747 -1103.628 109.000  3144 0.300 30.633 0
610000 0.386 68.117 4.393 -1182.496 0.000 63.974 -1118.522 108.617  3128 0.305 30.742 0
620000 0.388 68.117 4.393 -1187.789 0.000 71.649 -1116.141 118.854  3166 0.310 30.752 0
630000 0.387 68.117 4.393 -1174.121 0.000 64.617 -1109.504 126.246  3080 0.315 30.943 0
640000 0.387 68.117 4.394 -1193.358 0.000 70.211 -1123.147 138.946  3118 0.320 30.709 0
650000 0.386 68.117 4.394 -1178.435 0.000 67.231 -1111.204 119.705  3066 0.325 30.723 0
660000 0.386 68.117 4.394 -1197.585 0.000 69.449 -1128.136 114.834  3108 0.330 30.637 0
670000 0.387 68.117 4.394 -1204.533 0.000 74.958 -1129.575 102.450  3092 0.335 30.722 0
680000 0.386 68.117 4.395 -1176.838 0.000 72.774 -1104.064 115.949  3080 0.340 30.858 0
690000 0.386 68.117 4.395 -1159.848 0.000 70.510 -1089.337 133.741  3066 0.345 30.734 0
700000 0.387 68.117 4.395 -1156.204 0.000 76.944 -1079.259 121.210  3038 0.350 30.712 0
710000 0.386 68.117 4.395 -1184.878 0.000 81.185 -1103.693 132.119  3084 0.355 30.599 0
720000 0.387 68.117 4.396 -1201.974 0.000 72.057 -1129.917 104.612  3162 0.360 30.623 0
730000 0.388 68.117 4.396 -1185.082 0.000 76.540 -1108.541 110.023  3142 0.365 30.378 0
740000 0.387 68.117 4.396 -1194.842 0.000 73.787 -1121.055 108.366  3124 0.370 30.476 0
750000 0.387 68.117 4.396 -1195.330 0.000 72.109 -1123.221 113.594  3136 0.375 30.570 0
760000 0.388 68.117 4.397 -1209.620 0.000 71.858 -1137.762 118.883  3174 0.380 30.425 0
770000 0.386 68.117 4.397 -1178.367 0.000 67.378 -1110.988 122.489  3092 0.385 30.537 0
780000 0.387 68.117 4.397 -1187.904 0.000 70.025 -1117.878 123.726  3164 0.390 30.622 0
790000 0.387 68.117 4.397 -1183.713 0.000 69.041 -1114.672 113.105  3124 0.395 30.672 0
800000 0.388 68.117 4.398 -1191.564 0.000 70.476 -1121.088 115.792  3140 0.400 30.502 0
810000 0.387 68.117 4.398 -1194.143 0.000 66.397 -1127.747 108.869  3128 0.405 30.496 0
820000 0.387 68.117 4.398 -1192.769 0.000 67.989 -1124.780 111.654  3146 0.410 30.551 0
830000 0.387 68.117 4.398 -1180.535 0.000 67.897 -1112.638 121.357  3094 0.415 30.642 0
840000 0.387 68.117 4.399 -1188.165 0.000 73.119 -1115.046 112.025  3140 0.420 30.547 0
850000 0.387 68.117 4.399 -1192.433 0.000 74.668 -1117.765 113.021  3108 0.425 30.524 0
860000 0.387 68.117 4.399 -1204.828 0.000 67.674 -1137.154 126.694  3118 0.430 30.681 0
870000 0.387 68.117 4.399 -1190.775 0.000 69.711 -1121.064 129.235  3152 0.435 30.706 0
880000 0.387 68.117 4.400 -1185.315 0.000 70.236 -1115.079 128.249  3126 0.440 30.643 0
890000 0.387 68.117 4.400 -1168.025 0.000 74.605 -1093.420 112.242  3110 0.445 30.600 0
900000 0.387 68.117 4.400 -1169.589 0.000 69.745 -1099.845 99.416  3140 0.450 30.499 0
910000 0.387 68.117 4.400 -1180.680 0.000 73.642 -1107.038 124.029  3080 0.455 30.588 0
920000 0.386 68.117 4.401 -1184.735 0.000 75.596 -1109.139 110.541  3160 0.460 30.627 0
930000 0.388 68.117 4.401 -1207.275 0.000 72.209 -1135.065 105.732  3180 0.465 30.788 0
940000 0.387 68.117 4.401 -1192.546 0.000 67.985 -1124.561 115.548  3178 0.470 30.745 0
950000 0.388 68.117 4.401 -1191.945 0.000 74.539 -1117.407 115.716  3150 0.475 30.632 0
960000 0.386 68.117 4.402 -1171.654 0.000 67.812 -1103.843 122.296  3134 0.480 30.639 0
970000 0.387 68.117 4.402 -1199.454 0.000 74.033 -1125.421 118.452  3196 0.485 30.773 0
980000 0.387 68.117 4.402 -1176.168 0.000 67.328 -1108.840 116.206  3170 0.490 30.678 0
990000 0.387 68.117 4.402 -1167.826 0.000 72.075 -1095.751 129.471  3106 0.495 30.859 0
1000000 0.387 68.117 4.403 -1196.459 0.000 72.801 -1123.658 112.182  3148 0.500 30.626 0
1010000 0.386 68.117 4.403 -1195.001 0.000 66.979 -1128.022 126.046  3150 0.505 30.636 0
1020000 0.387 68.117 4.403 -1197.481 0.000 66.991 -1130.490 118.583  3174 0.510 30.493 0
1030000 0.387 68.117 4.403 -1194.484 0.000 74.325 -1120.160 123.780  3172 0.515 30.398 0
1040000 0.386 68.117 4.404 -1194.921 0.000 71.287 -1123.634 121.713  3116 0.520 30.500 0
1050000 0.387 68.117 4.404 -1183.257 0.000 69.953 -1113.304 123.588  3190 0.525 30.454 0
1060000 0.387 68.117 4.404 -1196.034 0.000 70.298 -1125.736 112.461  3152 0.530 30.395 0
1070000 0.387 68.117 4.404 -1170.978 0.000 76.556 -1094.422 117.198  3090 0.535 30.333 0
1080000 0.386 68.117 4.405 -1187.719 0.000 77.446 -1110.273 113.706  3152 0.540 30.256 0
1090000 0.387 68.117 4.405 -1207.305 0.000 66.802 -1140.503 104.999  3178 0.545 30.343 0
1100000 0.388 68.117 4.405 -1172.321 0.000 71.230 -1101.091 124.897  3136 0.550 30.396 0
1110000 0.387 68.117 4.405 -1174.272 0.000 73.383 -1100.889 122.695  3130 0.555 30.421 0
1120000 0.388 68.117 4.406 -1168.305 0.000 72.241 -1096.064 110.382  3080 0.560 30.393 0
1130000 0.387 68.117 4.406 -1191.549 0.000 74.647 -1116.903 116.911  3188 0.565 30.464 0
1140000 0.387 68.117 4.406 -1192.561 0.000 65.506 -1127.055 121.324  3150 0.570 30.527 0
1150000 0.387 68.117 4.406 -1180.310 0.000 66.474 -1113.836 110.966  3118 0.575 30.578 0
1160000 0.387 68.117 4.407 -1167.638 0.000 69.891 -1097.747 106.097  3136 0.580 30.650 0
1170000 0.386 68.117 4.407 -1176.656 0.000 68.150 -1108.506 113.953  3132 0.585 30.708 0
1180000 0.387 68.117 4.407 -1167.719 0.000 69.526 -1098.193 129.755  3120 0.590 30.748 0
1190000 0.387 68.117 4.407 -1191.685 0.000 70.693 -1120.992 109.221  3138 0.595 30.537 0
1200000 0.387 68.117 4.408 -1188.773 0.000 73.452 -1115.322 118.222  3160 0.600 30.689 0
1210000 0.387 68.117 4.408 -1148.308 0.000 60.394 -1087.914 116.979  3072 0.605 30.697 0
1220000 0.387 68.117 4.408 -1172.260 0.000 71.960 -1100.300 96.778  3096 0.610 30.958 0
1230000 0.387 68.117 4.408 -1171.163 0.000 61.334 -1109.830 107.029  3084 0.615 30.938 0
1240000 0.387 68.117 4.409 -1194.989 0.000 72.259 -1122.730 105.613  3106 0.620 30.790 0
1250000 0.387 68.117 4.409 -1165.929 0.000 71.254 -1094.675 102.950  3038 0.625 30.781 0
1260000 0.386 68.117 4.409 -1164.064 0.000 72.007 -1092.057 116.246  3056 0.630 30.783 0
1270000 0.387 68.117 4.409 -1138.296 0.000 62.949 -1075.347 114.714  2992 0.635 30.973 0
1280000 0.387 68.117 4.410 -1171.013 0.000 67.461 -1103.552 111.617  3052 0.640 30.993 0
1290000 0.387 68.117 4.410 -1172.372 0.000 65.505 -1106.867 124.743  3092 0.645 30.878 0
1300000 0.387 68.117 4.410 -1162.706 0.000 67.385 -1095.322 108.521  3054 0.650 30.967 0
1310000 0.387 68.117 4.410 -1173.687 0.000 64.125 -1109.561 143.020  3086 0.655 31.044 0
1320000 0.387 68.117 4.411 -1167.506 0.000 75.053 -1092.453 119.775  3062 0.660 30.792 0
1330000 0.387 68.117 4.411 -1183.665 0.000 64.934 -1118.731 117.240  3106 0.665 30.625 0
1340000 0.388 68.117 4.411 -1169.824 0.000 82.233 -1087.591 122.821  3116 0.670 30.572 0
1350000 0.386 68.117 4.411 -1166.789 0.000 67.798 -1098.991 121.180  3058 0.675 30.640 0
1360000 0.387 68.117 4.412 -1184.866 0.000 77.904 -1106.962 114.786  3144 0.680 30.511 0
1370000 0.386 68.117 4.412 -1195.069 0.000 77.008 -1118.061 115.504  3176 0.685 30.381 0
1380000 0.387 68.117 4.412 -1191.082 0.000 71.244 -1119.838 127.804  3164 0.690 30.402 0
1390000 0.388 68.117 4.412 -1191.417 0.000 80.408 -1111.009 114.570  3118 0.695 30.467 0
1400000 0.387 68.117 4.413 -1185.976 0.000 71.021 -1114.955 115.126  3086 0.700 30.650 0
1410000 0.387 68.117 4.413 -1175.545 0.000 78.855 -1096.689 118.174  3100 0.705 30.689 0
1420000 0.386 68.117 4.413 -1203.515 0.000 74.246 -1129.269 130.373  3148 0.710 30.757 0
1430000 0.387 68.117 4.413 -1169.987 0.000 68.485 -1101.503 131.027  3052 0.715 30.986 0
1440000 0.387 68.117 4.414 -1167.365 0.000 68.832 -1098.533 110.055  3076 0.720 30.892 0
1450000 0.387 68.117 4.414 -1193.000 0.000 71.776 -1121.223 115.425  3108 0.725 30.717 0
1460000 0.387 68.117 4.414 -1203.165 0.000 78.979 -1124.186 118.136  3184 0.730 30.588 0
1470000 0.386 68.117 4.414 -1186.099 0.000 77.047 -1109.052 109.624  3104 0.735 30.738 0
1480000 0.387 68.117 4.415 -1176.495 0.000 67.759 -1108.736 111.868  3168 0.740 30.711 0
1490000 0.388 68.117 4.415 -1196.086 0.000 80.464 -1115.622 134.388  3136 0.745 30.693 0
1500000 0.387 68.117 4.415 -1168.388 0.000 66.115 -1102.273 110.573  3108 0.750 30.889 0
1510000 0.388 68.117 4.415 -1182.088 0.000 62.456 -1119.632 103.504  3088 0.755 31.104 0
1520000 0.387 68.117 4.416 -1187.368 0.000 65.185 -1122.183 115.161  3126 0.760 31.062 0
1530000 0.387 68.117 4.416 -1191.928 0.000 65.524 -1126.404 114.692  3118 0.765 31.165 0
1540000 0.387 68.117 4.416 -1179.126 0.000 62.007 -1117.119 134.821  3096 0.770 31.207 0
1550000 0.387 68.117 4.416 -1197.387 0.000 71.371 -1126.015 129.134  3166 0.775 31.109 0
1560000 0.387 68.117 4.417 -1189.722 0.000 64.732 -1124.990 109.974  3110 0.780 31.148 0
1570000 0.387 68.117 4.417 -1151.758 0.000 62.991 -1088.767 105.942  3006 0.785 31.165 0
1580000 0.386 68.117 4.417 -1170.292 0.000 64.095 -1106.198 104.562  3048 0.790 31.263 0
1590000 0.387 68.117 4.417 -1195.536 0.000 70.793 -1124.743 107.889  3122 0.795 31.201 0
1600000 0.387 68.117 4.418 -1192.623 0.000 67.748 -1124.875 114.042  3112 0.800 31.153 0
1610000 0.386 68.117 4.418 -1165.347 0.000 61.456 -1103.892 108.561  3066 0.805 31.212 0
1620000 0.386 68.117 4.418 -1178.291 0.000 64.229 -1114.061 120.436  3104 0.810 31.295 0
1630000 0.386 68.117 4.418 -1179.438 0.000 66.925 -1112.513 120.641  3136 0.815 31.225 0
1640000 0.387 68.117 4.419 -1168.850 0.000 66.154 -1102.695 106.203  3122 0.820 31.219 0
1650000 0.387 68.117 4.419 -1165.452 0.000 70.337 -1095.116 112.141  3072 0.825 31.251 0
1660000 0.387 68.117 4.419 -1187.703 0.000 71.606 -1116.097 119.608  3108 0.830 31.285 0
1670000 0.388 68.117 4.419 -1170.139 0.000 79.800 -1090.339 114.394  3128 0.835 31.295 0
1680000 0.386 68.117 4.420 -1162.351 0.000 69.028 -1093.323 114.038  3056 0.840 31.370 0
1690000 0.388 68.117 4.420 -1174.511 0.000 65.782 -1108.729 109.924  3068 0.845 31.289 0
1700000 0.386 68.117 4.420 -1177.687 0.000 68.992 -1108.694 109.457  3108 0.850 31.184 0
1710000 0.387 68.117 4.420 -1180.146 0.000 67.129 -1113.017 132.703  3076 0.855 31.046 0
1720000 0.387 68.117 4.421 -1184.356 0.000 66.412 -1117.945 129.813  3084 0.860 31.090 0
1730000 0.387 68.117 4.421 -1182.495 0.000 64.042 -1118.453 111.040  3104 0.865 31.014 0
1740000 0.387 68.117 4.421 -1183.898 0.000 69.820 -1114.078 114.368  3150 0.870 30.996 0
1750000 0.388 68.117 4.421 -1160.872 0.000 70.255 -1090.617 104.710  3078 0.875 30.908 0
1760000 0.387 68.117 4.422 -1184.167 0.000 82.385 -1101.781 107.594  3136 0.880 30.790 0
1770000 0.386 68.117 4.422 -1182.883 0.000 74.295 -1108.587 129.582  3132 0.885 30.910 0
1780000 0.387 68.117 4.422 -1153.415 0.000 63.176 -1090.239 122.775  3058 0.890 31.066 0
1790000 0.387 68.117 4.422 -1157.947 0.000 63.075 -1094.872 108.604  3068 0.895 30.930 0
1800000 0.387 68.117 4.423 -1189.074 0.000 63.218 -1125.856 109.238  3110 0.900 31.004 0
1810000 0.387 68.117 4.423 -1152.224 0.000 71.934 -1080.290 119.654  3038 0.905 30.976 0
1820000 0.387 68.117 4.423 -1171.047 0.000 72.865 -1098.181 117.434  3094 0.910 31.149 0
1830000 0.386 68.117 4.423 -1174.992 0.000 69.823 -1105.169 108.796  3134 0.915 31.007 0
1840000 0.386 68.117 4.424 -1153.143 0.000 65.549 -1087.594 121.100  3052 0.920 30.992 0
1850000 0.387 68.117 4.424 -1153.098 0.000 68.743 -1084.356 115.770  3078 0.925 30.990 0
1860000 0.387 68.117 4.424 -1170.790 0.000 62.752 -1108.038 120.792  3096 0.930 30.870 0
1870000 0.386 68.117 4.424 -1204.407 0.000 76.968 -1127.439 101.065  3162 0.935 30.851 0
1880000 0.388 68.117 4.425 -1188.499 0.000 70.755 -1117.744 117.282  3124 0.940 30.831 0
1890000 0.387 68.117 4.425 -1192.433 0.000 66.569 -1125.863 107.376  3140 0.945 31.055 0
1900000 0.387 68.117 4.425 -1194.418 0.000 74.578 -1119.840 122.842  3186 0.950 31.069 0
1910000 0.388 68.117 4.425 -1185.514 0.000 75.015 -1110.499 130.659  3100 0.955 31.016 0
1920000 0.387 68.117 4.426 -1168.422 0.000 72.362 -1096.059 118.200  3062 0.960 31.194 0
1930000 0.386 68.117 4.426 -1186.524 0.000 69.805 -1116.719 88.492  3088 0.965 31.311 0
1940000 0.386 68.117 4.426 -1189.681 0.000 60.252 -1129.428 114.515  3050 0.970 31.144 0
1950000 0.387 68.117 4.426 -1177.180 0.000 70.608 -1106.572 136.672  3048 0.975 31.266 0
1960000 0.387 68.117 4.427 -1168.052 0.000 65.417 -1102.635 124.934  3038 0.980 31.324 0
1970000 0.387 68.117 4.427 -1179.657 0.000 73.626 -1106.031 132.564  3090 0.985 31.381 0
1980000 0.387 68.117 4.427 -1191.950 0.000 71.136 -1120.814 117.590  3142 0.990 31.338 0
1990000 0.386 68.117 4.427 -1155.250 0.000 61.620 -1093.629 109.871  3050 0.995 31.403 0
2000000 0.387 68.117 4.428 -1176.975 0.000 70.879 -1106.095 105.995  3098 1.000 31.267 0
2010000 0.387 68.117 4.428 -1180.380 0.000 75.282 -1105.098 115.715  3120 1.005 31.312 0
2020000 0.386 68.117 4.428 -1211.119 0.000 72.965 -1138.154 106.050  3154 1.010 31.254 0
2030000 0.387 68.117 4.428 -1183.294 0.000 64.430 -1118.864 114.709  3134 1.015 31.258 0
2040000 0.387 68.117 4.429 -1174.484 0.000 63.631 -1110.854 116.245  3148 1.020 31.160 0
2050000 0.386 68.117 4.429 -1201.968 0.000 81.443 -1120.525 112.345  3164 1.025 31.057 0
2060000 0.387 68.117 4.429 -1180.538 0.000 74.075 -1106.463 130.285  3134 1.030 31.038 0
2070000 0.387 68.117 4.429 -1206.640 0.000 76.620 -1130.020 121.369  3166 1.035 31.062 0
2080000 0.387 68.117 4.430 -1182.345 0.000 61.624 -1120.720 111.352  3110 1.040 31.169 0
2090000 0.387 68.117 4.430 -1221.210 0.000 73.303 -1147.907 118.728  3178 1.045 31.241 0
2100000 0.387 68.117 4.430 -1184.993 0.000 67.384 -1117.610 109.392  3096 1.050 31.330 0
2110000 0.387 68.117 4.430 -1195.735 0.000 76.966 -1118.769 116.611  3102 1.055 31.240 0
2120000 0.386 68.117 4.431 -1182.936 0.000 63.425 -1119.510 111.367  3058 1.060 31.347 0
2130000 0.387 68.117 4.431 -1197.294 0.000 69.397 -1127.897 131.284  3076 1.065 31.322 0
2140000 0.387 68.117 4.431 -1204.475 0.000 71.770 -1132.704 116.865  3132 1.070 31.331 0
2150000 0.386 68.117 4.431 -1210.213 0.000 72.172 -1138.042 115.179  3148 1.075 31.168 0
2160000 0.387 68.117 4.432 -1190.918 0.000 68.717 -1122.202 110.167  3126 1.080 31.112 0
2170000 0.387 68.117 4.432 -1171.607 0.000 62.708 -1108.899 108.095  3100 1.085 31.295 0
2180000 0.386 68.117 4.432 -1168.095 0.000 72.770 -1095.324 127.731  3058 1.090 31.527 0
2190000 0.388 68.117 4.432 -1184.312 0.000 70.813 -1113.499 134.033  3044 1.095 31.700 0
2200000 0.387 68.117 4.433 -1172.502 0.000 69.818 -1102.684 111.729  3056 1.100 31.906 0
2210000 0.386 68.117 4.433 -1198.227 0.000 70.769 -1127.459 106.709  3080 1.105 31.734 0
2220000 0.386 68.117 4.433 -1167.740 0.000 73.237 -1094.503 120.808  3018 1.110 31.919 0
2230000 0.387 68.117 4.433 -1172.150 0.000 63.849 -1108.301 128.599  3024 1.115 31.752 0
2240000 0.387 68.117 4.434 -1180.731 0.000 69.090 -1111.641 114.977  3088 1.120 31.734 0
2250000 0.388 68.117 4.434 -1175.212 0.000 65.328 -1109.884 107.218  3070 1.125 31.687 0
2260000 0.387 68.117 4.434 -1196.757 0.000 67.860 -1128.898 114.720  3108 1.130 31.564 0
2270000 0.387 68.117 4.434 -1174.011 0.000 61.787 -1112.224 121.817  3066 1.135 31.555 0
2280000 0.387 68.117 4.435 -1164.526 0.000 59.712 -1104.813 112.606  3040 1.140 31.559 0
2290000 0.387 68.117 4.435 -1179.287 0.000 69.677 -1109.610 108.372  3078 1.145 31.514 0
2300000 0.387 68.117 4.435 -1170.099 0.000 62.140 -1107.960 112.483  3106 1.150 31.538 0
2310000 0.387 68.117 4.435 -1180.932 0.000 73.106 -1107.826 107.709  3074 1.155 31.464 0
2320000 0.386 68.117 4.436 -1162.888 0.000 67.558 -1095.330 114.195  3090 1.160 31.418 0
2330000 0.387 68.117 4.436 -1173.333 0.000 78.944 -1094.388 135.368  3100 1.165 31.360 0
2340000 0.387 68.117 4.436 -1189.750 0.000 73.036 -1116.715 103.436  3084 1.170 31.442 0
2350000 0.387 68.117 4.436 -1155.165 0.000 69.267 -1085.898 117.609  3054 1.175 31.443 0
2360000 0.387 68.117 4.437 -1159.030 0.000 75.116 -1083.914 120.992  3014 1.180 31.224 0
2370000 0.387 68.117 4.437 -1182.262 0.000 65.307 -1116.955 135.055  3110 1.185 31.278 0
2380000 0.388 68.117 4.437 -1167.554 0.000 62.965 -1104.589 112.674  3030 1.190 31.347 0
2390000 0.387 68.117 4.437 -1180.197 0.000 69.254 -1110.943 112.828  3054 1.195 31.428 0
2400000 0.386 68.117 4.438 -1169.358 0.000 68.137 -1101.221 125.749  3090 1.200 31.486 0
2410000 0.387 68.117 4.438 -1172.015 0.000 72.384 -1099.631 110.474  3066 1.205 31.607 0
2420000 0.387 68.117 4.438 -1174.666 0.000 66.946 -1107.719 120.395  3060 1.210 31.696 0
2430000 0.387 68.117 4.438 -1179.526 0.000 69.068 -1110.458 120.994  3098 1.215 31.545 0
2440000 0.387 68.117 4.439 -1182.046 0.000 69.976 -1112.070 110.861  3092 1.220 31.292 0
2450000 0.386 68.117 4.439 -1174.017 0.000 73.115 -1100.902 119.585  3070 1.225 31.332 0
2460000 0.386 68.117 4.439 -1173.460 0.000 71.501 -1101.959 102.602  3094 1.230 31.153 0
2470000 0.387 68.117 4.439 -1194.527 0.000 79.757 -1114.770 106.102  3092 1.235 30.920 0
2480000 0.387 68.117 4.440 -1161.996 0.000 69.067 -1092.929 123.103  3064 1.240 30.999 0
2490000 0.387 68.117 4.440 -1193.160 0.000 74.565 -1118.595 115.707  3102 1.245 30.946 0
2500000 0.387 68.117 4.440 -1169.636 0.000 74.166 -1095.470 115.104  3048 1.250 31.079 0
2510000 0.386 68.117 4.440 -1180.969 0.000 63.784 -1117.186 117.525  3092 1.255 31.199 0
2520000 0.386 68.117 4.441 -1160.084 0.000 64.110 -1095.975 105.431  3096 1.260 31.155 0
2530000 0.387 68.117 4.441 -1169.707 0.000 60.757 -1108.950 126.327  3066 1.265 31.212 0
2540000 0.387 68.117 4.441 -1173.290 0.000 66.357 -1106.933 114.194  3048 1.270 31.222 0
2550000 0.386 68.117 4.441 -1176.722 0.000 75.393 -1101.329 111.435  3026 1.275 31.408 0
2560000 0.387 68.117 4.442 -1176.568 0.000 66.074 -1110.494 123.247  3068 1.280 31.368 0
2570000 0.387 68.117 4.442 -1178.256 0.000 61.305 -1116.952 117.613  3084 1.285 31.394 0
2580000 0.388 68.117 4.442 -1190.682 0.000 62.818 -1127.864 122.507  3130 1.290 31.360 0
2590000 0.387 68.117 4.442 -1169.499 0.000 74.733 -1094.766 109.270  3046 1.295 31.277 0
2600000 0.387 68.117 4.443 -1172.306 0.000 69.037 -1103.269 100.384  3040 1.300 31.389 0
2610000 0.387 68.117 4.443 -1181.726 0.000 71.339 -1110.386 102.402  3062 1.305 31.380 0
2620000 0.386 68.117 4.443 -1182.165 0.000 64.034 -1118.131 119.911  3130 1.310 31.427 0
2630000 0.387 68.117 4.443 -1182.991 0.000 71.398 -1111.593 128.829  3110 1.315 31.526 0
2640000 0.387 68.117 4.444 -1176.348 0.000 65.998 -1110.350 109.159  3036 1.320 31.472 0
2650000 0.388 68.117 4.444 -1167.304 0.000 65.313 -1101.991 121.616  3074 1.325 31.395 0
2660000 0.386 68.117 4.444 -1170.975 0.000 58.757 -1112.