    7   589   7.046 
    8   588   7.525 
    8   589   6.969 
    8   590   7.012 
    8   591   7.975 
    9   588   3.980 
    9   589   3.926 
    9   590   3.403 
    9   591   4.326 
    9   592   6.523 
    9   593   7.022 
    9   594   6.252 
    9   595   5.570 
    9   596   7.761 
   10   588   4.749 
   10   589   5.730 
   10   590   4.084 
   10   591   4.063 
   10   592   7.196 
   10   594   7.205 
   10   595   5.803 
   10   596   7.761 
   10   597   7.507 
   11   588   4.817 
   11   589   6.095 
   11   590   3.551 
   11   591   5.054 
   11   592   5.931 
   11   593   7.301 
   11   594   5.380 
   11   595   5.176 
   11   596   6.155 
   11   597   5.373 
   11   598   6.150 
   11   599   7.496 
   11   600   5.972 
   11   601   6.652 
   11   602   7.057 
   11   603   7.766 
   12   588   5.219 
   12   589   5.705 
   12   590   3.865 
   12   591   6.387 
   12   592   5.829 
   12   593   6.880 
   12   594   4.573 
   12   595   5.830 
   12   596   6.683 
   12   597   6.350 
   12   598   7.705 
   12   600   7.944 
   13   588   6.966 
   13   589   6.667 
   13   590   5.955 
   13   594   6.991 
   35   590   7.792 
   36   590   7.308 
  189   593   7.784 
  190   588   7.892 
  190   589   7.949 
  190   591   7.267 
  190   592   7.454 
  190   593   6.797 
  190   595   7.053 
  190   596   7.172 
  190   598   7.709 
  190   599   7.568 
  191   588   4.364 
  191   589   4.867 
  191   590   5.648 
  191   591   3.730 
  191   592   4.268 
  191   593   4.179 
  191   594   5.709 
  191   595   3.455 
  191   596   4.093 
  191   597   4.922 
  191   598   4.791 
  191   599   5.230 
  191   600   6.019 
  191   601   5.983 
  191   602   7.074 
  191   604   6.521 
  191   605   7.523 
  192   588   4.723 
  192   589   6.077 
  192   590   5.098 
  192   591   3.842 
  192   592   5.107 
  192   593   6.052 
  192   594   5.945 
  192   595   3.966 
  192   596   4.462 
  192   597   4.097 
  192   598   3.615 
  192   599   4.808 
  192   600   3.921 
  192   601   3.576 
  192   602   5.398 
  192   603   6.185 
  192   604   5.616 
  192   605   7.012 
  192   606   7.669 
  193   588   6.542 
  193   589   7.602 
  193   590   6.997 
  193   591   4.989 
  193   595   6.560 
  193   596   7.865 
  193   597   7.761 
  193   598   7.372 
  193   600   7.612 
  193   601   6.978 
  194   588   7.595 
  194   591   6.076 
  194   595   7.760 
  223   591   7.331 
  223   595   7.901 
  223   598   7.154 
  223   599   7.676 
  223   600   7.411 
  223   601   6.321 
  224   591   7.747 
  224   595   7.390 
  224   596   6.731 
  224   597   6.201 
  224   598   4.813 
  224   599   5.187 
  224   600   4.511 
  224   601   3.142 
  224   602   5.337 
  224   603   5.387 
  224   604   5.181 
  224   605   6.532 
  224   606   7.685 
  224   612   7.724 
  224   613   6.636 
  224   614   6.978 
  225   598   7.269 
  225   600   6.410 
  225   601   5.185 
  225   602   7.362 
  225   603   6.988 
  225   604   7.901 
  226   601   7.932 
  227   601   7.262 
  228   601   7.194 
  228   603   7.325 
  261   600   7.653 
  261   601   7.374 
  261   602   6.887 
  261   603   5.470 
  261   604   7.672 
  261   605   7.874 
  261   614   7.994 
  262   603   7.542 
  264   603   7.171 
  264   605   7.869 
  264   608   7.519 
  264   609   7.229 
  264   610   7.895 
  264   611   6.627 
  264   612   6.267 
  264   613   6.543 
  264   614   7.157 
  265   602   7.100 
  265   603   6.326 
  265   604   6.859 
  265   605   5.947 
  265   606   6.122 
  265   607   5.501 
  265   608   4.807 
  265   609   4.360 
  265   610   4.624 
  265   611   4.327 
  265   612   4.672 
  265   613   5.078 
  265   614   5.153 
  266   609   7.306 
  266   610   6.983 
  266   611   7.235 
  266   612   7.898 
  267   610   7.995 
  267   611   7.309 
  267   612   7.691 
  268   608   7.074 
  268   609   5.665 
  268   610   5.438 
  268   611   4.904 
  268   612   5.647 
  268   613   6.945 
  268   614   7.602 
  269   610   7.607 
  333   593   6.567 
  334   588   6.093 
  334   589   5.683 
  334   590   7.347 
  334   591   6.611 
  334   592   4.422 
  334   593   3.134 
  334   594   5.614 
  334   595   5.110 
  334   596   4.649 
  334   597   6.048 
  334   598   6.428 
  334   599   6.048 
  334   600   7.928 
  334   604   7.327 
  334   605   7.505 
  334   606   7.655 
  334   614   7.947 
  335   588   7.021 
  335   589   7.253 
  335   590   7.765 
  335   591   7.717 
  335   592   4.337 
  335   593   4.053 
  335   594   5.088 
  335   595   5.541 
  335   596   3.502 
  335   597   4.334 
  335   598   4.466 
  335   599   3.466 
  335   600   5.702 
  335   601   6.451 
  335   602   5.430 
  335   603   6.660 
  335   604   4.339 
  335   605   4.021 
  335   606   4.032 
  335   607   4.422 
  335   608   4.653 
  335   609   5.569 
  335   610   6.265 
  335   611   6.052 
  335   612   5.831 
  335   613   5.080 
  335   614   4.407 
  336   592   6.619 
  336   593   6.528 
  336   594   7.753 
  336   595   7.063 
  336   596   5.341 
  336   597   5.769 
  336   598   4.840 
  336   599   3.744 
  336   600   5.739 
  336   601   5.613 
  336   602   5.607 
  336   603   6.375 
  336   604   4.156 
  336   605   4.371 
  336   606   5.374 
  336   607   5.810 
  336   608   5.192 
  336   609   5.708 
  336   610   6.859 
  336   611   5.323 
  336   612   4.403 
  336   613   3.737 
  336   614   4.161 
  337   599   7.194 
  337   604   7.673 
  337   605   7.428 
  337   608   7.296 
  337   609   7.193 
  337   610   7.898 
  337   611   6.693 
  337   612   6.294 
  337   613   6.376 
  337   614   6.875 
  338   599   7.699 
  338   604   7.660 
  338   605   6.736 
  338   606   7.034 
  338   607   6.338 
  338   608   5.457 
  338   609   4.714 
  338   610   4.902 
  338   611   4.354 
  338   612   4.751 
  338   613   5.436 
  338   614   5.778 
  339   611   7.991 
  358   592   7.750 
  358   593   6.476 
  359   588   7.814 
  359   589   6.999 
  359   592   6.071 
  359   593   5.219 
  359   594   5.781 
  359   595   7.433 
  359   596   6.972 
  359   597   7.980 
